corona_lab/tests/data/example_model.ecsv
# %ECSV 1.0
# ---
# datatype:
# - {name: radius, unit: 6.957e+08 m, datatype: float64}
# - {name: theta, unit: rad, datatype: float64}
# - {name: phi, unit: rad, datatype: float64}
# - {name: Bmag, unit: G, datatype: float64}
# - {name: proms, datatype: bool}
# - {name: ds, unit: 6.957e+08 m, datatype: float64}
# - {name: dA_c, unit: 4.83998e+17 m2, datatype: float64}
# - {name: dV, unit: 3.36718e+26 m3, datatype: float64}
# - {name: Mprom, unit: kg, datatype: float64}
# - {name: line_num, datatype: int64}
# - {name: temperature, unit: K, datatype: float64}
# - {name: pressure, unit: Pa, datatype: float64}
# - {name: ndens, unit: 1 / m3, datatype: float64}
# - {name: wind, datatype: bool}
# - {name: 8.4 GHz Kappa_ff, unit: 1 / cm, datatype: float64}
# - {name: x, unit: 6.957e+08 m, datatype: float64}
# - {name: y, unit: 6.957e+08 m, datatype: float64}
# - {name: z, unit: 6.957e+08 m, datatype: float64}
# - {name: blackbody, unit: erg / (Hz s sr cm2), datatype: float64}
# meta: !!omap
# - Radius: !astropy.units.Quantity
#     unit: &id001 !astropy.units.Unit {unit: m}
#     value: 695700000.0
# - Source Surface Radius: !astropy.units.Quantity
#     unit: *id001
#     value: 6031575196.790503
# - {nrad: 45}
# - Corona Temperature: !astropy.units.Quantity
#     unit: &id002 !astropy.units.Unit {unit: K}
#     value: 9000000.0
# - Prominence Temperature: !astropy.units.Quantity
#     unit: *id002
#     value: 8500.0
# - {Ratio Exponent: 5.0}
# - Total Prominence Mass: !astropy.units.Quantity
#     unit: &id004 !astropy.units.Unit {unit: kg}
#     value: 302460422000000.0
# - Distance: !astropy.units.Quantity
#     unit: !astropy.units.Unit {unit: pc}
#     value: 15.0
# - {UID: 3532ae0a87757d84cdbf548f2ef2a55b}
# - Observation frequencies: !astropy.units.Quantity
#     unit: !astropy.units.Unit {unit: GHz}
#     value: !numpy.ndarray
#       buffer: !!binary |
#         emN6TXpNek1JRUE9
#       dtype: float64
#       order: C
#       shape: !!python/tuple [1]
# - Observation angle: !astropy.units.Quantity
#     unit: &id003 !astropy.units.Unit {unit: deg}
#     value: !numpy.ndarray
#       buffer: !!binary |
#         QUFBQUFBQUFBQUQvLy8vLy8vOU5RQT09
#       dtype: float64
#       order: C
#       shape: !!python/tuple [2]
# - Phase: !astropy.units.Quantity
#     unit: *id003
#     value: 0.0
# - __serialized_columns__:
#     8.4 GHz Kappa_ff:
#       __class__: astropy.units.quantity.Quantity
#       unit: !astropy.units.Unit {unit: 1 / cm}
#       value: !astropy.table.SerializedColumn {name: 8.4 GHz Kappa_ff}
#     Bmag:
#       __class__: astropy.units.quantity.Quantity
#       unit: !astropy.units.Unit {unit: G}
#       value: !astropy.table.SerializedColumn {name: Bmag}
#     Mprom:
#       __class__: astropy.units.quantity.Quantity
#       unit: *id004
#       value: !astropy.table.SerializedColumn {name: Mprom}
#     blackbody:
#       __class__: astropy.units.quantity.Quantity
#       unit: !astropy.units.Unit {unit: erg / (Hz s sr cm2)}
#       value: !astropy.table.SerializedColumn {name: blackbody}
#     dA_c:
#       __class__: astropy.units.quantity.Quantity
#       unit: !astropy.units.Unit {unit: 4.83998e+17 m2}
#       value: !astropy.table.SerializedColumn {name: dA_c}
#     dV:
#       __class__: astropy.units.quantity.Quantity
[...]
#     ndens:
#       __class__: astropy.units.quantity.Quantity
#       unit: !astropy.units.Unit {unit: 1 / m3}
#       value: !astropy.table.SerializedColumn {name: ndens}
#     phi:
#       __class__: astropy.units.quantity.Quantity
#       unit: &id005 !astropy.units.Unit {unit: rad}
#       value: !astropy.table.SerializedColumn {name: phi}
#     pressure:
#       __class__: astropy.units.quantity.Quantity
#       unit: !astropy.units.Unit {unit: Pa}
#       value: !astropy.table.SerializedColumn {name: pressure}
#     radius:
#       __class__: astropy.units.quantity.Quantity
#       unit: !astropy.units.Unit {unit: 6.957e+08 m}
#       value: !astropy.table.SerializedColumn {name: radius}
#     temperature:
#       __class__: astropy.units.quantity.Quantity
#       unit: *id002
#       value: !astropy.table.SerializedColumn {name: temperature}
#     theta:
#       __class__: astropy.units.quantity.Quantity
#       unit: *id005
#       value: !astropy.table.SerializedColumn {name: theta}
#     x:
#       __class__: astropy.units.quantity.Quantity
#       unit: !astropy.units.Unit {unit: 6.957e+08 m}
#       value: !astropy.table.SerializedColumn {name: x}
#     y:
#       __class__: astropy.units.quantity.Quantity
#       unit: !astropy.units.Unit {unit: 6.957e+08 m}
#       value: !astropy.table.SerializedColumn {name: y}
#     z:
#       __class__: astropy.units.quantity.Quantity
#       unit: !astropy.units.Unit {unit: 6.957e+08 m}
#       value: !astropy.table.SerializedColumn {name: z}
# schema: astropy-2.0
radius theta phi Bmag proms ds dA_c dV Mprom line_num temperature pressure ndens wind "8.4 GHz Kappa_ff" x y z blackbody
[from data line 947]
2.61411 1.51328 1.74494 2.87335 True 0.0383972 0.0154458 0.000593074 10269300000000.0 5300 8500.0 0.486392 6.032985804396541e+16 False 1.7089183767616133e-06 -0.3164675658925486 2.570314962154968 0.35623077795208985 1.8426339619374427e-13
2.6074 1.50263 1.75478 2.92909 True 0.0382841 0.0151519 0.000580076 10041800000000.0 5300 8500.0 0.486275 6.0315397616836296e+16 False 1.7080992557196315e-06 -0.32334995916049614 2.5574408196325567 0.39176015365024613 1.8426339619374427e-13
2.59973 1.49203 1.76455 2.99056 True 0.0381575 0.0148404 0.000566273 9800340000000.0 5300 8500.0 0.48615 6.029986162074716e+16 False 1.7072194271282088e-06 -0.32987523951172165 2.5431753564431 0.4266585351749049 1.8426339619374427e-13
2.59113 1.48148 1.77427 3.05771 True 0.038018 0.0145145 0.000551813 9547530000000.0 5300 8500.0 0.48602000000000006 6.028384759400914e+16 False 1.7063127641108997e-06 -0.3360788817534646 2.5275611128120095 0.4609126632452814 1.8426339619374427e-13
2.58166 1.47099 1.78393 3.13026 True 0.0378662 0.0141781 0.000536872 9286540000000.0 5300 8500.0 0.48589000000000004 6.026771405960888e+16 False 1.7053995784714608e-06 -0.34194840707749896 2.5106874675190927 0.49445736210488955 1.8426339619374427e-13
2.57135 1.46055 1.79353 3.20752 True 0.0377026 0.0138366 0.000521675 9021320000000.0 5300 8500.0 0.48576400000000003 6.025205855585753e+16 False 1.7045136838533284e-06 -0.3474642119005947 2.492605572798907 0.5272825640964517 1.8426339619374427e-13
2.56023 1.45018 1.80306 3.29036 True 0.0375279 0.0134882 0.000506185 8751340000000.0 5300 8500.0 0.485647 6.0237478621066184e+16 False 1.703688859204315e-06 -0.35262627263955676 2.4733808272702307 0.5593028231972026 1.8426339619374427e-13
2.54837 1.43988 1.81252 3.37868 True 0.0373427 0.0131356 0.00049052 8478690000000.0 5300 8500.0 0.48554200000000003 6.022457179354599e+16 False 1.7029588531353643e-06 -0.3574365212089115 2.4531075690331736 0.5905015198610619 1.8426339619374427e-13
2.5358 1.42965 1.82191 3.47643 True 0.0371479 0.0127663 0.000474241 8195830000000.0 5300 8500.0 0.485455 6.02136965962836e+16 False 1.7023438768637844e-06 -0.3618926231688945 2.431841271597808 0.6208569875981843 1.8426339619374427e-13
2.52257 1.41948 1.83123 3.58418 True 0.0369437 0.0123825 0.000457456 7904690000000.0 5300 8500.0 0.48539000000000004 6.020568958291458e+16 False 1.7018911631235666e-06 -0.36598283520246555 2.4096527786238315 0.6503763954108517 1.8426339619374427e-13
2.5087 1.40939 1.84048 3.69753 True 0.0367309 0.0120029 0.000440878 7617640000000.0 5300 8500.0 0.485352 6.020090927642562e+16 False 1.7016209149644023e-06 -0.36973211035374437 2.386594739391905 0.678998826567655 1.8426339619374427e-13
2.49425 1.39937 1.84965 3.8171 False 0.03651 0.0116269 0.0004245 0.0 5300 9000000.0 0.485346 3905940853419901.0 False 4.691863309118768e-13 -0.37311181375101354 2.3627537718204286 0.7067285551665277 1.9510704184331658e-10
2.47925 1.38943 1.85876 3.94286 False 0.0362817 0.0112561 0.000408391 0.0 5300 9000000.0 0.485374 3906166190280400.0 False 4.692404679448958e-13 -0.3761781391009431 2.3381749759539536 0.7335586902118199 1.9510704184331658e-10
2.46375 1.37957 1.86779 4.07481 False 0.0360465 0.0108916 0.000392604 0.0 5300 9000000.0 0.485442 3906713436941611.5 False 4.693719565988854e-13 -0.37889605499035134 2.312945120269235 0.7594647540442431 1.9510704184331658e-10
2.44778 1.36978 1.87675 4.21242 False 0.0358045 0.0105358 0.000377229 0.0 5300 9000000.0 0.485555 3907622832128626.0 False 4.695905005412868e-13 -0.3812763008807568 2.287106256410003 0.7844745264678186 1.9510704184331658e-10
2.43135 1.36007 1.88565 4.35574 False 0.0355564 0.0101891 0.000362289 0.0 5300 9000000.0 0.48571600000000004 3908918519076495.5 False 4.699019651743791e-13 -0.38335291511311775 2.260689576719596 0.8085703449209908 1.9510704184331658e-10
2.4145 1.35045 1.89448 4.50876 False 0.0353032 0.00984332 0.000347501 0.0 5300 9000000.0 0.48592900000000006 3910632688765291.5 False 4.703141857498422e-13 -0.385125626958657 2.233768880251698 0.8317241676654434 1.9510704184331658e-10
2.3973 1.34089 1.90324 4.67651 False 0.0350456 0.00949024 0.000332591 0.0 5300 9000000.0 0.48619400000000007 3912765341195014.5 False 4.708272946337354e-13 -0.3865668736266102 2.206417547485404 0.8540110938173127 1.9510704184331658e-10
2.37981 1.3314 1.91193 4.85119 False 0.0347836 0.00914851 0.000318219 0.0 5300 9000000.0 0.486516 3915356715090753.0 False 4.714511468094004e-13 -0.3877014107415678 2.178717599796673 0.8754272514293936 1.9510704184331658e-10
2.36202 1.32196 1.92054 5.03457 False 0.0345172 0.00881529 0.000304279 0.0 5300 9000000.0 0.48690000000000005 3918447049177597.0 False 4.721956595711788e-13 -0.3884850621228571 2.1506779617814855 0.895992266492761 1.9510704184331658e-10
2.34393 1.31261 1.9291 5.22549 False 0.0342465 0.00849321 0.000290863 0.0 5300 9000000.0 0.48735100000000003 3922076582180634.5 False 4.730708243755319e-13 -0.38902921785112976 2.122317648309439 0.9156592773692785 1.9510704184331658e-10
2.32554 1.30334 1.93759 5.42409 False 0.0339719 0.00818224 0.000277966 0.0 5300 9000000.0 0.48787200000000003 3926269457334920.0 False 4.740828327357021e-13 -0.38928601534966717 2.093667912196866 0.9344235459845797 1.9510704184331658e-10
2.3069 1.29416 1.94603 5.63039 False 0.0336942 0.00788244 0.000265593 0.0 5300 9000000.0 0.488467 3931057865620523.5 False 4.752399038318643e-13 -0.3893161656471521 2.0647838399205756 0.9523067927766997 1.9510704184331658e-10
2.28804 1.28505 1.9544 5.85859 False 0.0334142 0.0075754 0.000253126 0.0 5300 9000000.0 0.48913400000000007 3936425711547411.5 False 4.76538666846879e-13 -0.38906571426401804 2.0357160135292447 0.9693375180218862 1.9510704184331658e-10
2.26903 1.276 1.96271 6.09833 False 0.0331319 0.0072776 0.00024112 0.0 5300 9000000.0 0.48987600000000003 3942397138350635.5 False 4.779855500494951e-13 -0.3885554011929583 2.0065302990732237 0.9855749590999657 1.9510704184331658e-10
2.24986 1.26701 1.97097 6.34524 False 0.0328474 0.00699441 0.000229748 0.0 5300 9000000.0 0.490697 3949004337010267.0 False 4.795890373679408e-13 -0.38780488057198886 1.9772258236687275 1.0010271906507169 1.9510704184331658e-10
2.23054 1.25808 1.97916 6.60121 False 0.0325609 0.00672319 0.000218913 0.0 5300 9000000.0 0.491601 3956279498506378.5 False 4.813577371891169e-13 -0.3867858375399128 1.9478440750882866 1.0156814789204367 1.9510704184331658e-10
2.21108 1.24923 1.98731 6.86629 False 0.0322727 0.00646363 0.000208599 0.0 5300 9000000.0 0.492591 3964246766074022.5 False 4.832984329927133e-13 -0.3855811976717373 1.9183968148219526 1.0295414354376489 1.9510704184331658e-10
2.19151 1.24045 1.9954 7.14267 False 0.0319834 0.00621353 0.00019873 0.0 5300 9000000.0 0.493667 3972906139713199.0 False 4.854121422621423e-13 -0.38415378713443 1.888935743175231 1.0426234728248323 1.9510704184331658e-10
2.17187 1.23172 2.00344 7.45041 False 0.0316936 0.00595688 0.000188795 0.0 5300 9000000.0 0.49482800000000005 3982249571678891.0 False 4.876979996843685e-13 -0.38250609969086574 1.8594877923194886 1.0549945643528587 1.9510704184331658e-10
2.15219 1.22303 2.01143 7.76759 False 0.0314029 0.00571364 0.000179425 0.0 5300 9000000.0 0.496077 3992301205206150.0 False 4.901631130693879e-13 -0.38063540002607094 1.8300845343791328 1.0666907168309405 1.9510704184331658e-10
2.13245 1.21441 2.01936 8.09811 False 0.0311111 0.00548044 0.000170503 0.0 5300 9000000.0 0.497421 4003117374510103.0 False 4.928226664251007e-13 -0.3785660080458741 1.8007494830181427 1.07765118635953 1.9510704184331658e-10
2.11264 1.20585 2.02725 8.44078 False 0.0308185 0.00525795 0.000162042 0.0 5300 9000000.0 0.49886300000000006 4014722222825803.0 False 4.95684147367004e-13 -0.3763196716439374 1.7714624338385314 1.0879118162023358 1.9510704184331658e-10
2.09276 1.19736 2.03509 8.79508 False 0.0305252 0.00504614 0.000154035 0.0 5300 9000000.0 0.500407 4027147941133320.5 False 4.987572183146645e-13 -0.373898291068729 1.7422506953988883 1.097454782630234 1.9510704184331658e-10
2.07285 1.18894 2.04289 9.18647 False 0.0302322 0.00483115 0.000146056 0.0 5300 9000000.0 0.5020490000000001 4040362338452584.5 False 5.020357615405126e-13 -0.37132888931060165 1.7131502257139672 1.106317442056997 1.9510704184331658e-10
2.05295 1.18056 2.05063 9.59876 False 0.0299394 0.00462364 0.000138429 0.0 5300 9000000.0 0.503791 4054381510273630.0 False 5.055257138702435e-13 -0.3685560371716104 1.6842010557301152 1.1145568419070984 1.9510704184331658e-10
2.03307 1.17223 2.05833 10.0224 False 0.0296465 0.00442818 0.00013128 0.0 5300 9000000.0 0.505636 4069229599831512.0 False 5.092351998085199e-13 -0.3656292011487604 1.655409790958575 1.1221886366230085 1.9510704184331658e-10
2.01318 1.16395 2.06599 10.4592 False 0.0293537 0.00424327 0.000124556 0.0 5300 9000000.0 0.5075900000000001 4084954893596337.0 False 5.131786224580671e-13 -0.36254783529765167 1.6267607688385115 1.129204224438132 1.9510704184331658e-10
1.9933 1.15574 2.07361 10.9101 False 0.0290613 0.00406791 0.000118219 0.0 5300 9000000.0 0.509656 4101581534803157.0 False 5.173646178856205e-13 -0.3593453852541503 1.598292928821568 1.1355947770994375 1.9510704184331658e-10
1.97344 1.14759 2.08119 11.4084 False 0.0287698 0.00389024 0.000111921 0.0 5300 9000000.0 0.5118280000000001 4119061236981867.0 False 5.217837179025129e-13 -0.3560158874741069 1.5700154559819104 1.141389324220241 1.9510704184331658e-10
1.95365 1.13946 2.08872 11.9346 False 0.0284793 0.0037187 0.000105906 0.0 5300 9000000.0 0.514109 4137418143367519.5 False 5.26444817893927e-13 -0.3525103468641437 1.541955884777029 1.146672066135393 1.9510704184331658e-10
1.93392 1.13136 2.09621 12.4778 False 0.0281897 0.00355681 0.000100265 0.0 5300 9000000.0 0.516502 4156676397195167.5 False 5.313570617002975e-13 -0.3488585910642225 1.5141108363314961 1.1514393710240338 1.9510704184331658e-10
1.91425 1.12331 2.10366 13.0348 False 0.0279007 0.00340483 9.49972e-05 0.0 5300 9000000.0 0.5190130000000001 4176884284934919.0 False 5.365360573785432e-13 -0.34509049897912936 1.48650069800866 1.1556735200021253 1.9510704184331658e-10
1.89463 1.11531 2.11107 13.608 False 0.0276126 0.00326141 9.00559e-05 0.0 5300 9000000.0 0.521647 4198082045311862.0 False 5.419957359365337e-13 -0.34120930000254146 1.4591236992437173 1.1593778852458358 1.9510704184331658e-10
1.87506 1.10736 2.11845 14.258 False 0.0273256 0.00311272 8.5057e-05 0.0 5300 9000000.0 0.5244000000000001 4220237487345927.0 False 5.477316132210591e-13 -0.3372324300336002 1.4319769221378629 1.16256887374392 1.9510704184331658e-10
1.85557 1.09945 2.12577 14.9342 False 0.0270397 0.00297178 8.03562e-05 0.0 5300 9000000.0 0.527278 4243398897507219.0 False 5.537602069890003e-13 -0.3331209898820025 1.4051076360686636 1.1652651895862873 1.9510704184331658e-10
1.83616 1.09157 2.13306 15.6316 False 0.0267549 0.0028392 7.59625e-05 0.0 5300 9000000.0 0.5302830000000001 4267582371285774.5 False 5.600900413389038e-13 -0.3289052816312166 1.3784871070217666 1.167509382013631 1.9510704184331658e-10
1.81682 1.08374 2.1403 16.3502 False 0.0264711 0.00271441 7.18536e-05 0.0 5300 9000000.0 0.5334220000000001 4292844242896718.5 False 5.667405514488128e-13 -0.32458870756990754 1.3521439656211818 1.169266342435427 1.9510704184331658e-10
1.79755 1.07595 2.14749 17.1062 False 0.0261888 0.00259444 6.79453e-05 0.0 5300 9000000.0 0.536695 4319184512340050.0 False 5.737167640978891e-13 -0.320164957488432 1.3260752363437245 1.1705575039494496 1.9510704184331658e-10
1.77838 1.0682 2.15465 17.9434 False 0.0259079 0.0024734 6.40806e-05 0.0 5300 9000000.0 0.540101 4346595131870752.5 False 5.810217691201815e-13 -0.3156676392410543 1.3002895768423044 1.1714249366866154 1.9510704184331658e-10
1.7593 1.06048 2.16175 18.8064 False 0.0256284 0.0023599 6.04805e-05 0.0 5300 9000000.0 0.543644 4375108292468896.0 False 5.886696427067548e-13 -0.31105437265728975 1.2748015288440935 1.1718629311090707 1.9510704184331658e-10
1.74033 1.05279 2.16881 19.695 False 0.0253503 0.00225343 5.71252e-05 0.0 5300 9000000.0 0.547331 4404780328349606.0 False 5.966814478457857e-13 -0.3063567902376721 1.249611329733677 1.1719068011478142 1.9510704184331658e-10
1.72144 1.04514 2.17582 20.6095 False 0.0250737 0.00215343 5.39947e-05 0.0 5300 9000000.0 0.551166 4435643430492954.0 False 6.050723119047859e-13 -0.30157578286266545 1.2247157114696956 1.1715285514532063 1.9510704184331658e-10
1.70266 1.03753 2.18279 21.6261 False 0.0247991 0.00205221 5.0893e-05 0.0 5300 9000000.0 0.5551440000000001 4467657360173851.0 False 6.13837960543177e-13 -0.2967325069298416 1.200130065596093 1.1707641609578976 1.9510704184331658e-10
1.68401 1.02991 2.18969 22.7033 False 0.0245262 0.00195483 4.79447e-05 0.0 5300 9000000.0 0.5592680000000001 4500846260627349.5 False 6.229918756014098e-13 -0.2917467574815581 1.1758601390622268 1.1696693733545211 1.9510704184331658e-10
1.66548 1.02231 2.19654 23.8047 False 0.0242549 0.00186439 4.52206e-05 0.0 5300 9000000.0 0.5635490000000001 4535298657048646.0 False 6.325659467134034e-13 -0.2866787455305637 1.151904730909673 1.1682270405057984 1.9510704184331658e-10
1.64706 1.01475 2.20333 24.9386 False 0.023985 0.00177962 4.26843e-05 0.0 5300 9000000.0 0.567992 4571054788162829.0 False 6.4257951928347e-13 -0.2815454548980735 1.1282806116118003 1.1664140182144325 1.9510704184331658e-10
1.62873 1.00722 2.21007 26.1438 False 0.023717 0.00169758 4.02615e-05 0.0 5300 9000000.0 0.5726 4608138797204953.0 False 6.530480379844033e-13 -0.2763474239722685 1.1049599924273092 1.1642409240784022 1.9510704184331658e-10
1.61053 0.999694 2.21673 27.4863 False 0.0234508 0.00161466 3.78652e-05 0.0 5300 9000000.0 0.577372 4646542636430001.0 False 6.639782891760138e-13 -0.27103918167983676 1.0819775390005701 1.1617526621413847 1.9510704184331658e-10
1.59245 0.992179 2.22332 28.8659 False 0.0231864 0.00153749 3.5649e-05 0.0 5300 9000000.0 0.582315 4686322640053096.0 False 6.753958633289776e-13 -0.26564347120536236 1.0593234572293668 1.1589496803871977 1.9510704184331658e-10
1.5745 0.984679 2.22983 30.2826 False 0.0229237 0.00146557 3.35962e-05 0.0 5300 9000000.0 0.587435 4727527094544345.0 False 6.87324902274851e-13 -0.2601639876605956 1.0370153318479056 1.1558391544834064 1.9510704184331658e-10
1.55666 0.9772 2.23627 31.7302 False 0.0226627 0.0013987 3.16984e-05 0.0 5300 9000000.0 0.592744 4770252572843963.0 False 6.99804570783418e-13 -0.25461978625767906 1.0150358406274103 1.152415446914827 1.9510704184331658e-10
1.53894 0.96974 2.24262 33.3861 False 0.0224037 0.00132933 2.97819e-05 0.0 5300 9000000.0 0.5982350000000001 4814442740736824.0 False 7.12830178334623e-13 -0.24899921394400473 0.993405771376257 1.1486865057323568 1.9510704184331658e-10
1.52135 0.962272 2.24887 35.1014 False 0.0221465 0.00126437 2.80015e-05 0.0 5300 9000000.0 0.6039150000000001 4860153932438054.0 False 7.264305080790065e-13 -0.24327295718152084 0.9721201682119451 1.1446861881580197 1.9510704184331658e-10
1.50389 0.954806 2.25503 36.8645 False 0.0218912 0.0012039 2.63549e-05 0.0 5300 9000000.0 0.609793 4907458577652812.0 False 7.406402515580813e-13 -0.23746816727598338 0.9511768215471113 1.1404195086818358 1.9510704184331658e-10
1.48655 0.947347 2.26108 38.6748 False 0.0216378 0.00114755 2.48305e-05 0.0 5300 9000000.0 0.6158760000000001 4956413010596225.0 False 7.554904911313522e-13 -0.23157966998834062 0.930586909337423 1.1358740084700918 1.9510704184331658e-10
1.46934 0.939889 2.26702 40.6921 False 0.0213867 0.00109066 2.33256e-05 0.0 5300 9000000.0 0.62216 5006985040288219.0 False 7.709862158097542e-13 -0.2256104897168817 0.9103508572775125 1.1310708462266221 1.9510704184331658e-10
1.45229 0.932385 2.27282 42.8422 False 0.0211377 0.00103592 2.1897e-05 0.0 5300 9000000.0 0.6286480000000001 5059198809963849.0 False 7.871500331150707e-13 -0.21949967769388185 0.8904765057352584 1.1260629326666456 1.9510704184331658e-10
