corona_lab/tests/data/example_model.ecsv
# %ECSV 1.0
# ---
# datatype:
# - {name: radius, unit: 6.957e+08 m, datatype: float64}
# - {name: theta, unit: rad, datatype: float64}
# - {name: phi, unit: rad, datatype: float64}
# - {name: Bmag, unit: G, datatype: float64}
# - {name: proms, datatype: bool}
# - {name: ds, unit: 6.957e+08 m, datatype: float64}
# - {name: dA_c, unit: 4.83998e+17 m2, datatype: float64}
# - {name: dV, unit: 3.36718e+26 m3, datatype: float64}
# - {name: Mprom, unit: kg, datatype: float64}
# - {name: line_num, datatype: int64}
# - {name: temperature, unit: K, datatype: float64}
# - {name: pressure, unit: Pa, datatype: float64}
# - {name: ndens, unit: 1 / m3, datatype: float64}
# - {name: wind, datatype: bool}
# - {name: 8.4 GHz Kappa_ff, unit: 1 / cm, datatype: float64}
# - {name: x, unit: 6.957e+08 m, datatype: float64}
# - {name: y, unit: 6.957e+08 m, datatype: float64}
# - {name: z, unit: 6.957e+08 m, datatype: float64}
# - {name: blackbody, unit: erg / (Hz s sr cm2), datatype: float64}
# meta: !!omap
# - Radius: !astropy.units.Quantity
#     unit: &id001 !astropy.units.Unit {unit: m}
#     value: 695700000.0
# - Source Surface Radius: !astropy.units.Quantity
#     unit: *id001
#     value: 6031575196.790503
# - {nrad: 45}
# - Corona Temperature: !astropy.units.Quantity
#     unit: &id002 !astropy.units.Unit {unit: K}
#     value: 9000000.0
# - Prominence Temperature: !astropy.units.Quantity
#     unit: *id002
#     value: 8500.0
# - {Ratio Exponent: 5.0}
# - Total Prominence Mass: !astropy.units.Quantity
#     unit: &id004 !astropy.units.Unit {unit: kg}
#     value: 302460422000000.0
# - Distance: !astropy.units.Quantity
#     unit: !astropy.units.Unit {unit: pc}
#     value: 15.0
# - {UID: 3532ae0a87757d84cdbf548f2ef2a55b}
# - Observation frequencies: !astropy.units.Quantity
#     unit: !astropy.units.Unit {unit: GHz}
#     value: !numpy.ndarray
#       buffer: !!binary |
#         emN6TXpNek1JRUE9
#       dtype: float64
#       order: C
#       shape: !!python/tuple [1]
# - Observation angle: !astropy.units.Quantity
#     unit: &id003 !astropy.units.Unit {unit: deg}
#     value: !numpy.ndarray
#       buffer: !!binary |
#         QUFBQUFBQUFBQUQvLy8vLy8vOU5RQT09
#       dtype: float64
#       order: C
#       shape: !!python/tuple [2]
# - Phase: !astropy.units.Quantity
#     unit: *id003
#     value: 0.0
# - __serialized_columns__:
#     8.4 GHz Kappa_ff:
#       __class__: astropy.units.quantity.Quantity
#       unit: !astropy.units.Unit {unit: 1 / cm}
#       value: !astropy.table.SerializedColumn {name: 8.4 GHz Kappa_ff}
#     Bmag:
#       __class__: astropy.units.quantity.Quantity
#       unit: !astropy.units.Unit {unit: G}
#       value: !astropy.table.SerializedColumn {name: Bmag}
#     Mprom:
#       __class__: astropy.units.quantity.Quantity
#       unit: *id004
#       value: !astropy.table.SerializedColumn {name: Mprom}
#     blackbody:
#       __class__: astropy.units.quantity.Quantity
#       unit: !astropy.units.Unit {unit: erg / (Hz s sr cm2)}
#       value: !astropy.table.SerializedColumn {name: blackbody}
#     dA_c:
#       __class__: astropy.units.quantity.Quantity
#       unit: !astropy.units.Unit {unit: 4.83998e+17 m2}
#       value: !astropy.table.SerializedColumn {name: dA_c}
#     dV:
#       __class__: astropy.units.quantity.Quantity
[...]
#     ndens:
#       __class__: astropy.units.quantity.Quantity
#       unit: !astropy.units.Unit {unit: 1 / m3}
#       value: !astropy.table.SerializedColumn {name: ndens}
#     phi:
#       __class__: astropy.units.quantity.Quantity
#       unit: &id005 !astropy.units.Unit {unit: rad}
#       value: !astropy.table.SerializedColumn {name: phi}
#     pressure:
#       __class__: astropy.units.quantity.Quantity
#       unit: !astropy.units.Unit {unit: Pa}
#       value: !astropy.table.SerializedColumn {name: pressure}
#     radius:
#       __class__: astropy.units.quantity.Quantity
#       unit: !astropy.units.Unit {unit: 6.957e+08 m}
#       value: !astropy.table.SerializedColumn {name: radius}
#     temperature:
#       __class__: astropy.units.quantity.Quantity
#       unit: *id002
#       value: !astropy.table.SerializedColumn {name: temperature}
#     theta:
#       __class__: astropy.units.quantity.Quantity
#       unit: *id005
#       value: !astropy.table.SerializedColumn {name: theta}
#     x:
#       __class__: astropy.units.quantity.Quantity
#       unit: !astropy.units.Unit {unit: 6.957e+08 m}
#       value: !astropy.table.SerializedColumn {name: x}
#     y:
#       __class__: astropy.units.quantity.Quantity
#       unit: !astropy.units.Unit {unit: 6.957e+08 m}
#       value: !astropy.table.SerializedColumn {name: y}
#     z:
#       __class__: astropy.units.quantity.Quantity
#       unit: !astropy.units.Unit {unit: 6.957e+08 m}
#       value: !astropy.table.SerializedColumn {name: z}
# schema: astropy-2.0
radius theta phi Bmag proms ds dA_c dV Mprom line_num temperature pressure ndens wind "8.4 GHz Kappa_ff" x y z blackbody
[from data line 463]
7.28029 1.834 5.97827 0.0 False 0.0 0.0 0.0 0.0 -100 0.0 0.0 0.0 True 0.0 4.859893211132438 -2.1103631519439094 -4.993037935706698 0.0
7.38743 1.83453 5.97825 0.0 False 0.0 0.0 0.0 0.0 -100 0.0 0.0 0.0 True 0.0 4.928644038429739 -2.1412501394653893 -5.069283754889881 0.0
7.49616 1.83501 5.97823 0.0 False 0.0 0.0 0.0 0.0 -100 0.0 0.0 0.0 True 0.0 4.998635097871759 -2.172621760793474 -5.146433385214585 0.0
7.6065 1.83546 5.97822 0.0 False 0.0 0.0 0.0 0.0 -100 0.0 0.0 0.0 True 0.0 5.0698025938507945 -2.2044031582847654 -5.224610093119669 0.0
7.71847 1.83586 5.9782 0.0 False 0.0 0.0 0.0 0.0 -100 0.0 0.0 0.0 True 0.0 5.142235398086165 -2.2367520756092225 -5.303690639906088 0.0
7.8321 1.83622 5.97819 0.0 False 0.0 0.0 0.0 0.0 -100 0.0 0.0 0.0 True 0.0 5.21594781464092 -2.269531303250848 -5.383763225524235 0.0
7.94741 1.83653 5.97818 0.0 False 0.0 0.0 0.0 0.0 -100 0.0 0.0 0.0 True 0.0 5.29099811104049 -2.3028239970545417 -5.464765899437568 0.0
8.06443 1.83679 5.97817 0.0 False 0.0 0.0 0.0 0.0 -100 0.0 0.0 0.0 True 0.0 5.3674174656382885 -2.3366402349093494 -5.5467083380202915 0.0
8.18317 1.83701 5.97816 0.0 False 0.0 0.0 0.0 0.0 -100 0.0 0.0 0.0 True 0.0 5.445166798077658 -2.3709778619708417 -5.62964419551155 0.0
8.30367 1.83718 5.97815 0.0 False 0.0 0.0 0.0 0.0 -100 0.0 0.0 0.0 True 0.0 5.524340122693275 -2.405856174758709 -5.713532860155497 0.0
8.42595 1.83731 5.97815 0.0 False 0.0 0.0 0.0 0.0 -100 0.0 0.0 0.0 True 0.0 5.604925050812393 -2.441198237709621 -5.798448045941186 0.0
8.55003 1.83738 5.97814 0.0 False 0.0 0.0 0.0 0.0 -100 0.0 0.0 0.0 True 0.0 5.687022457991305 -2.4771784932137733 -5.884248063768357 0.0
8.6698 1.83741 5.97814 0.0 False 0.0 0.0 0.0 0.0 -100 0.0 0.0 0.0 True 0.0 5.766504998150794 -2.5118585716355537 -5.966860033753339 0.0
1.0 2.99433 3.87791 24.4199 False 0.0147262 0.000682649 1.00528e-05 0.0 10 9000000.0 0.011749800000000001 94559394410406.5 False 2.74981445263875e-16 -0.5887423513162853 -0.09853920895308316 -0.8022920092244921 1.9510704184331658e-10
1.00089 2.98284 3.81782 26.1366 False 0.0147394 0.000637812 9.40095e-06 0.0 10 9000000.0 0.011732600000000001 94420973196099.97 False 2.741769687492531e-16 -0.6010262764051808 -0.09902739488717072 -0.7941925347372536 1.9510704184331658e-10
1.00202 2.97132 3.76232 27.9663 False 0.014756 0.000596082 8.79577e-06 0.0 10 9000000.0 0.011714600000000002 94276113785779.17 False 2.733363367172534e-16 -0.6133795711999351 -0.09875639726757808 -0.7861658578400055 1.9510704184331658e-10
1.00302 2.95961 3.71168 29.6971 False 0.0147707 0.000561343 8.29141e-06 0.0 10 9000000.0 0.011701 94166664453536.78 False 2.7270204850478845e-16 -0.6255733415997962 -0.0979708120061049 -0.777887417737637 1.9510704184331658e-10
1.00371 2.94777 3.66506 31.4184 False 0.0147808 0.000530589 7.84255e-06 0.0 10 9000000.0 0.0116947 94115963659924.5 False 2.724084735282083e-16 -0.6374632934393263 -0.09664097268766167 -0.7692430279277611 1.9510704184331658e-10
1.00393 2.93562 3.62317 33.5624 False 0.0147841 0.000496694 7.3432e-06 0.0 10 9000000.0 0.0116967 94132059149960.16 False 2.7250165480412154e-16 -0.6489460407528473 -0.0951010863753788 -0.760065960599096 1.9510704184331658e-10
1.00369 2.92312 3.58617 35.9411 False 0.0147806 0.000463821 6.85554e-06 0.0 10 9000000.0 0.0117076 94219779570654.4 False 2.7300977282272686e-16 -0.6599966090334923 -0.09355820796283185 -0.7503632146414662 1.9510704184331658e-10
1.00293 2.91038 3.55323 37.8977 False 0.0147694 0.000439875 6.49667e-06 0.0 10 9000000.0 0.0117284 94387172667025.11 False 2.7398070583126537e-16 -0.6705325482159745 -0.09195718532589373 -0.7401341518602766 1.9510704184331658e-10
1.00161 2.89744 3.52382 39.96 False 0.0147499 0.000417173 6.15327e-06 0.0 10 9000000.0 0.011759700000000001 94639067086082.95 False 2.754450213546647e-16 -0.6805057088727359 -0.09030911937403978 -0.7293687923468486 1.9510704184331658e-10
1.0 2.88688 3.50283 41.8763 False 0.0118641 0.000398082 4.7229e-06 0.0 10 9000000.0 0.011794200000000001 94916714289197.81 False 2.7706356480841735e-16 -0.6879947565843885 -0.08905332015606301 -0.7202310192442213 1.9510704184331658e-10
1.0 2.84593 6.09534 57.5189 False 0.00743857 0.000565079 4.20338e-06 0.0 882 9000000.0 0.049465600000000005 398086535953582.56 False 4.873590153217845e-15 -0.23040640137491944 -0.05441188644434909 -0.9715720440703441 1.9510704184331658e-10
1.00612 2.84869 6.08436 55.941 False 0.0149901 0.000581018 8.70952e-06 0.0 882 9000000.0 0.0485712 390888632809642.4 False 4.698942256717841e-15 -0.23501093602981762 -0.05737885791076415 -0.9766037994044695 1.9510704184331658e-10
1.01792 2.85456 6.05989 52.4689 False 0.0151571 0.000619466 9.38931e-06 0.0 882 9000000.0 0.04774300000000001 384223490385882.1 False 4.540062710968112e-15 -0.24476172731546184 -0.06381600312278843 -0.9859920592920532 1.9510704184331658e-10
1.02926 2.86074 6.03264 49.1429 False 0.015316 0.000661391 1.01299e-05 0.0 882 9000000.0 0.046979900000000005 378082256162782.06 False 4.396090431432548e-15 -0.2551163345861419 -0.07073139339679321 -0.9946300183563132 1.9510704184331658e-10
1.04005 2.86715 6.00228 45.8492 False 0.015466 0.000708905 1.09639e-05 0.0 882 9000000.0 0.0462828 372472173110858.2 False 4.266597665108833e-15 -0.2660296099200586 -0.07814004018070449 -1.0024102868917195 1.9510704184331658e-10
1.05023 2.87369 5.96864 42.783 False 0.0156073 0.000759711 1.1857e-05 0.0 882 9000000.0 0.0456482 367365074122548.3 False 4.150398102404333e-15 -0.27743545600617076 -0.08601059426959658 -1.0092644838316855 1.9510704184331658e-10
1.05983 2.88027 5.93181 41.0376 False 0.0157396 0.000792023 1.24661e-05 0.0 882 9000000.0 0.045068500000000004 362699796335716.8 False 4.0456531785184096e-15 -0.2892808903531867 -0.09424460723001536 -1.0152212317443563 1.9510704184331658e-10
1.06881 2.88679 5.89167 39.2265 False 0.0158623 0.00082859 1.31434e-05 0.0 882 9000000.0 0.044543900000000004 358477949299367.3 False 3.952018044453043e-15 -0.30149872602191313 -0.10279956427208167 -1.0202380035524228 1.9510704184331658e-10
1.07715 2.89315 5.84809 37.5807 False 0.0159752 0.000864877 1.38165e-05 0.0 882 9000000.0 0.04407180000000001 354678608876453.56 False 3.86869078194217e-15 -0.31403001480260356 -0.11163997124932107 -1.0242918476306093 1.9510704184331658e-10
1.08481 2.89925 5.80097 35.7709 False 0.0160781 0.000908637 1.46092e-05 0.0 882 9000000.0 0.04365 351284070027936.1 False 3.794992637808075e-15 -0.3268111066561845 -0.12072620339009192 -1.0273424066401495 1.9510704184331658e-10
1.0918 2.90497 5.75032 34.1102 False 0.0161713 0.000952873 1.54092e-05 0.0 882 9000000.0 0.0432749 348265360871751.0 False 3.7300494346160275e-15 -0.3397684045277847 -0.13001869022378432 -1.0294075050615938 1.9510704184331658e-10
1.09813 2.91022 5.69623 32.4319 False 0.0162548 0.00100218 1.62903e-05 0.0 882 9000000.0 0.0429437 345599947721848.3 False 3.673172820298718e-15 -0.352854209970808 -0.13946308504535923 -1.030501553281463 1.9510704184331658e-10
1.1038 2.91491 5.63886 31.0076 False 0.0163282 0.00104822 1.71155e-05 0.0 882 9000000.0 0.0426542 343270125539188.9 False 3.623815210555343e-15 -0.36601584986962316 -0.14900849030826957 -1.0306324793350283 1.9510704184331658e-10
1.10879 2.91894 5.57839 29.8311 False 0.0163909 0.00108956 1.78589e-05 0.0 882 9000000.0 0.0424074 341283942068790.3 False 3.582001265475907e-15 -0.3791911699198654 -0.1586266329809248 -1.0297897416773671 1.9510704184331658e-10
1.11304 2.92223 5.5151 28.7419 False 0.0164433 0.00113085 1.85948e-05 0.0 882 9000000.0 0.0422016 339627716144122.5 False 3.5473192462877657e-15 -0.39231800076613393 -0.16827486138595069 -1.027924218461849 1.9510704184331658e-10
1.1166 2.92468 5.44947 27.7416 False 0.0164854 0.00117163 1.93147e-05 0.0 882 9000000.0 0.042036300000000006 338297423892676.56 False 3.519584587527045e-15 -0.4053372887589175 -0.17793346040547559 -1.0251033733286137 1.9510704184331658e-10
1.11946 2.92625 5.38209 26.6755 False 0.0165172 0.00121845 2.01254e-05 0.0 882 9000000.0 0.0419071 337257655236373.94 False 3.497982709429747e-15 -0.41820666401055223 -0.18754132899794682 -1.0213335046373682 1.9510704184331658e-10
1.12162 2.92687 5.3136 25.6981 False 0.0165401 0.00126479 2.09197e-05 0.0 882 9000000.0 0.041812600000000005 336497143332189.75 False 3.482224679770367e-15 -0.43085926228431887 -0.19708406899950393 -1.0166364100554395 1.9510704184331658e-10
1.12317 2.92652 5.24475 24.7813 False 0.0165545 0.00131158 2.17126e-05 0.0 882 9000000.0 0.041751300000000005 336003816562597.25 False 3.4720218270679697e-15 -0.4432799440810957 -0.2065326196256517 -1.0111172123478198 1.9510704184331658e-10
1.12415 2.92522 5.17625 23.8417 False 0.016561 0.00136327 2.25771e-05 0.0 882 9000000.0 0.0417179 335735021879002.0 False 3.466468987072243e-15 -0.45545770370915206 -0.21583965345925205 -1.0048307054556884 1.9510704184331658e-10
1.12459 2.92294 5.10878 22.9455 True 0.0165611 0.00141652 2.34591e-05 599392000000.0 882 8500.0 0.041708800000000004 8.902269168267176e+16 False 3.7209870279388955e-06 -0.46734205448197585 -0.22502493147977679 -0.9978265643011753 1.8426339619374427e-13
1.1246 2.91975 5.04291 22.092 True 0.0165566 0.00147124 2.43587e-05 622562000000.0 882 8500.0 0.0417213 8.904934189134774e+16 False 3.723215222169807e-06 -0.4789746938472948 -0.2340496698676794 -0.9902167210710595 1.8426339619374427e-13
1.12429 2.91569 4.97913 21.2444 True 0.0165483 0.00152994 2.53179e-05 647495000000.0 882 8500.0 0.04174810000000001 8.910658606155309e+16 False 3.7280035982767234e-06 -0.49037678734005646 -0.2429196205477277 -0.9821143866632813 1.8426339619374427e-13
1.12373 2.91078 4.91779 20.4495 True 0.0165392 0.00158941 2.62877e-05 672853000000.0 882 8500.0 0.0417828 8.91805613044698e+16 False 3.7341960574118026e-06 -0.5015566527544061 -0.2516703650050629 -0.9735872145606752 1.8426339619374427e-13
1.12312 2.90513 4.85909 19.6878 True 0.0165312 0.0016509 2.72915e-05 699182000000.0 882 8500.0 0.0418207 8.926158749945773e+16 False 3.7409846477595905e-06 -0.5126260674198144 -0.2602817937104763 -0.964814198312065 1.8426339619374427e-13
1.12257 2.89877 4.80314 19.0384 True 0.0165266 0.00170722 2.82146e-05 723327000000.0 882 8500.0 0.041849300000000006 8.932265591485422e+16 False 3.7461051964766684e-06 -0.5236344620901423 -0.2688038657072946 -0.9558843218676526 1.8426339619374427e-13
1.12226 2.89179 4.74994 18.4986 False 0.016528 0.00175704 2.90403e-05 0.0 882 9000000.0 0.041863700000000004 336908383102600.44 False 3.490741271139889e-15 -0.5346930452339836 -0.2772413919638262 -0.9469467068216509 1.9510704184331658e-10
1.12235 2.88434 4.69928 18.1898 False 0.0165368 0.00178687 2.9549e-05 0.0 882 9000000.0 0.041854600000000006 336835148622938.3 False 3.4892238566221047e-15 -0.5459499131023352 -0.2855288888137131 -0.9381265738355132 1.9510704184331658e-10
1.12295 2.87645 4.65112 18.0426 True 0.0165539 0.00180144 2.98209e-05 763957000000.0 882 8500.0 0.041819300000000004 8.92584803002399e+16 False 3.740724204660125e-06 -0.5574584399759493 -0.2937134632837477 -0.9295101891240608 1.8426339619374427e-13
1.12411 2.86823 4.60531 18.1705 True 0.0165793 0.00178876 2.96565e-05 758592000000.0 882 8500.0 0.0417558 8.912295861127778e+16 False 3.7293736997357297e-06 -0.5692736708628267 -0.3017386631251775 -0.9211430719154287 1.8426339619374427e-13
1.12584 2.85972 4.56174 18.4373 False 0.0166118 0.00176288 2.92847e-05 0.0 882 9000000.0 0.0416661 335318148687078.75 False 3.457865887961961e-15 -0.5814071020378657 -0.30961103618264746 -0.9130292950249942 1.9510704184331658e-10
1.12804 2.85098 4.52028 18.9728 False 0.0166497 0.00171312 2.85229e-05 0.0 882 9000000.0 0.04155710000000001 334440944480136.2 False 3.4397977519843844e-15 -0.5938154383356686 -0.3172815501280262 -0.9050910919584693 1.9510704184331658e-10
1.13061 2.84203 4.48074 19.6649 False 0.0166896 0.00165283 2.75851e-05 0.0 882 9000000.0 0.041436600000000004 333471191205488.6 False 3.419878427094044e-15 -0.6064664451796641 -0.32473372250067495 -0.897232095080195 1.9510704184331658e-10
1.13333 2.83292 4.44287 20.5332 False 0.0167286 0.00158294 2.64804e-05 0.0 882 9000000.0 0.04131630000000001 332503047479844.6 False 3.4000498618276662e-15 -0.6192766438863686 -0.33186966983851524 -0.8892670293438921 1.9510704184331658e-10
1.13598 2.8236 4.40658 21.4732 False 0.0167656 0.00151364 2.53772e-05 0.0 882 9000000.0 0.0412025 331587214096816.44 False 3.381345727730099e-15 -0.6321187377502665 -0.3386972048095031 -0.8809998100108986 1.9510704184331658e-10
1.13849 2.81408 4.37179 22.4488 False 0.0167991 0.00144786 2.43228e-05 0.0 882 9000000.0 0.041098100000000005 330747029516955.9 False 3.3642319478521517e-15 -0.6449391394052657 -0.3452008613978374 -0.8723814256696358 1.9510704184331658e-10
1.14076 2.80433 4.33846 23.4406 False 0.0168276 0.0013866 2.33332e-05 0.0 882 9000000.0 0.0410103 330040437504391.0 False 3.3498729362341733e-15 -0.6576594446075728 -0.3513990751442069 -0.8633285136645581 1.9510704184331658e-10
1.1427 2.79434 4.30657 24.4762 False 0.0168486 0.00132793 2.23737e-05 0.0 882 9000000.0 0.040943400000000005 329502043362698.75 False 3.338952571972144e-15 -0.6701974856943246 -0.35729381922647785 -0.8537796828875485 1.9510704184331658e-10
1.14412 2.78414 4.27596 25.5807 False 0.0168612 0.0012706 2.14238e-05 0.0 882 9000000.0 0.0409027 329174500140473.4 False 3.332317664957617e-15 -0.6824456852705134 -0.3627922892185086 -0.8435995589965972 1.9510704184331658e-10
1.14498 2.77375 4.24661 26.6687 False 0.016865 0.00121876 2.05543e-05 0.0 882 9000000.0 0.040891300000000005 329082755847270.25 False 3.3304604219149772e-15 -0.6943384962041574 -0.3678768284039859 -0.8327904251445101 1.9510704184331658e-10
1.14524 2.76314 4.2186 27.8351 False 0.0168601 0.00116769 1.96874e-05 0.0 882 9000000.0 0.0409086 329221981836078.56 False 3.3332790729917007e-15 -0.7057874457899035 -0.37259907746514487 -0.8213456437076216 1.9510704184331658e-10
1.14491 2.75233 4.1919 29.116 False 0.0168466 0.00111632 1.88061e-05 0.0 882 9000000.0 0.04095340000000001 329582520812877.0 False 3.3405837800907707e-15 -0.716759111672974 -0.3769623376434912 -0.8093050598705803 1.9510704184331658e-10
1.14399 2.74137 4.16646 30.3784 False 0.0168222 0.00106993 1.79986e-05 0.0 882 9000000.0 0.04103060000000001 330203806728252.9 False 3.3531901151440093e-15 -0.7272134996880686 -0.38093702957537523 -0.796718661429316 1.9510704184331658e-10
1.14233 2.73029 4.1422 31.6138 False 0.0167873 0.00102812 1.72593e-05 0.0 882 9000000.0 0.0411433 331110787591761.4 False 3.371636032431029e-15 -0.7370287571022717 -0.38445610810454445 -0.7835176711762075 1.9510704184331658e-10
1.13996 2.71912 4.11914 33.0328 False 0.016742 0.000983954 1.64734e-05 0.0 882 9000000.0 0.041290900000000005 332298634756391.94 False 3.3958706531204363e-15 -0.7461631458708392 -0.3875371794603877 -0.7697819794461419 1.9510704184331658e-10
1.13689 2.70787 4.09727 34.6499 False 0.0166869 0.000938031 1.56528e-05 0.0 882 9000000.0 0.041473 333764129124137.4 False 3.4258894536296423e-15 -0.7545793836014961 -0.3902051528717084 -0.7555585778852312 1.9510704184331658e-10
1.13314 2.69657 4.07658 36.3733 False 0.0166211 0.000893588 1.48524e-05 0.0 882 9000000.0 0.0416907 335516123214517.2 False 3.4619501968812413e-15 -0.7622438223131018 -0.3924734988906177 -0.7409150879919163 1.9510704184331658e-10
1.12868 2.68529 4.05693 37.8205 False 0.0165448 0.000859393 1.42185e-05 0.0 882 9000000.0 0.0419469 337577955488083.25 False 3.5046300709360003e-15 -0.7691243864584676 -0.3942694942022263 -0.7258910293538599 1.9510704184331658e-10
1.1235 2.67409 4.03828 39.456 False 0.0164583 0.00082377 1.35578e-05 0.0 882 9000000.0 0.04224220000000001 339954454591846.2 False 3.554147918143544e-15 -0.7751729471496029 -0.3955651026462127 -0.7105542917862716 1.9510704184331658e-10
1.11762 2.66297 4.02065 41.315 False 0.0163618 0.000786706 1.28719e-05 0.0 882 9000000.0 0.0425774 342652058721820.1 False 3.610777410908165e-15 -0.7803614780292566 -0.39641136646851954 -0.6949593200630921 1.9510704184331658e-10
