corona_lab/tests/data/example_model.ecsv
# %ECSV 1.0
# ---
# datatype:
# - {name: radius, unit: 6.957e+08 m, datatype: float64}
# - {name: theta, unit: rad, datatype: float64}
# - {name: phi, unit: rad, datatype: float64}
# - {name: Bmag, unit: G, datatype: float64}
# - {name: proms, datatype: bool}
# - {name: ds, unit: 6.957e+08 m, datatype: float64}
# - {name: dA_c, unit: 4.83998e+17 m2, datatype: float64}
# - {name: dV, unit: 3.36718e+26 m3, datatype: float64}
# - {name: Mprom, unit: kg, datatype: float64}
# - {name: line_num, datatype: int64}
# - {name: temperature, unit: K, datatype: float64}
# - {name: pressure, unit: Pa, datatype: float64}
# - {name: ndens, unit: 1 / m3, datatype: float64}
# - {name: wind, datatype: bool}
# - {name: 8.4 GHz Kappa_ff, unit: 1 / cm, datatype: float64}
# - {name: x, unit: 6.957e+08 m, datatype: float64}
# - {name: y, unit: 6.957e+08 m, datatype: float64}
# - {name: z, unit: 6.957e+08 m, datatype: float64}
# - {name: blackbody, unit: erg / (Hz s sr cm2), datatype: float64}
# meta: !!omap
# - Radius: !astropy.units.Quantity
#     unit: &id001 !astropy.units.Unit {unit: m}
#     value: 695700000.0
# - Source Surface Radius: !astropy.units.Quantity
#     unit: *id001
#     value: 6031575196.790503
# - {nrad: 45}
# - Corona Temperature: !astropy.units.Quantity
#     unit: &id002 !astropy.units.Unit {unit: K}
#     value: 9000000.0
# - Prominence Temperature: !astropy.units.Quantity
#     unit: *id002
#     value: 8500.0
# - {Ratio Exponent: 5.0}
# - Total Prominence Mass: !astropy.units.Quantity
#     unit: &id004 !astropy.units.Unit {unit: kg}
#     value: 302460422000000.0
# - Distance: !astropy.units.Quantity
#     unit: !astropy.units.Unit {unit: pc}
#     value: 15.0
# - {UID: 3532ae0a87757d84cdbf548f2ef2a55b}
# - Observation frequencies: !astropy.units.Quantity
#     unit: !astropy.units.Unit {unit: GHz}
#     value: !numpy.ndarray
#       buffer: !!binary |
#         emN6TXpNek1JRUE9
#       dtype: float64
#       order: C
#       shape: !!python/tuple [1]
# - Observation angle: !astropy.units.Quantity
#     unit: &id003 !astropy.units.Unit {unit: deg}
#     value: !numpy.ndarray
#       buffer: !!binary |
#         QUFBQUFBQUFBQUQvLy8vLy8vOU5RQT09
#       dtype: float64
#       order: C
#       shape: !!python/tuple [2]
# - Phase: !astropy.units.Quantity
#     unit: *id003
#     value: 0.0
# - __serialized_columns__:
#     8.4 GHz Kappa_ff:
#       __class__: astropy.units.quantity.Quantity
#       unit: !astropy.units.Unit {unit: 1 / cm}
#       value: !astropy.table.SerializedColumn {name: 8.4 GHz Kappa_ff}
#     Bmag:
#       __class__: astropy.units.quantity.Quantity
#       unit: !astropy.units.Unit {unit: G}
#       value: !astropy.table.SerializedColumn {name: Bmag}
#     Mprom:
#       __class__: astropy.units.quantity.Quantity
#       unit: *id004
#       value: !astropy.table.SerializedColumn {name: Mprom}
#     blackbody:
#       __class__: astropy.units.quantity.Quantity
#       unit: !astropy.units.Unit {unit: erg / (Hz s sr cm2)}
#       value: !astropy.table.SerializedColumn {name: blackbody}
#     dA_c:
#       __class__: astropy.units.quantity.Quantity
#       unit: !astropy.units.Unit {unit: 4.83998e+17 m2}
#       value: !astropy.table.SerializedColumn {name: dA_c}
#     dV:
#       __class__: astropy.units.quantity.Quantity
[...]
#     ndens:
#       __class__: astropy.units.quantity.Quantity
#       unit: !astropy.units.Unit {unit: 1 / m3}
#       value: !astropy.table.SerializedColumn {name: ndens}
#     phi:
#       __class__: astropy.units.quantity.Quantity
#       unit: &id005 !astropy.units.Unit {unit: rad}
#       value: !astropy.table.SerializedColumn {name: phi}
#     pressure:
#       __class__: astropy.units.quantity.Quantity
#       unit: !astropy.units.Unit {unit: Pa}
#       value: !astropy.table.SerializedColumn {name: pressure}
#     radius:
#       __class__: astropy.units.quantity.Quantity
#       unit: !astropy.units.Unit {unit: 6.957e+08 m}
#       value: !astropy.table.SerializedColumn {name: radius}
#     temperature:
#       __class__: astropy.units.quantity.Quantity
#       unit: *id002
#       value: !astropy.table.SerializedColumn {name: temperature}
#     theta:
#       __class__: astropy.units.quantity.Quantity
#       unit: *id005
#       value: !astropy.table.SerializedColumn {name: theta}
#     x:
#       __class__: astropy.units.quantity.Quantity
#       unit: !astropy.units.Unit {unit: 6.957e+08 m}
#       value: !astropy.table.SerializedColumn {name: x}
#     y:
#       __class__: astropy.units.quantity.Quantity
#       unit: !astropy.units.Unit {unit: 6.957e+08 m}
#       value: !astropy.table.SerializedColumn {name: y}
#     z:
#       __class__: astropy.units.quantity.Quantity
#       unit: !astropy.units.Unit {unit: 6.957e+08 m}
#       value: !astropy.table.SerializedColumn {name: z}
# schema: astropy-2.0
radius theta phi Bmag proms ds dA_c dV Mprom line_num temperature pressure ndens wind "8.4 GHz Kappa_ff" x y z blackbody
[from data line 811]
1.65784 1.6433 2.95544 29.339 False 0.0244137 0.000511172 1.24796e-05 0.0 1398 9000000.0 0.128355 1032968311762559.9 False 3.281466868350039e-14 -1.467267500014653 0.30602590458913453 0.7084544408225218 1.9510704184331658e-10
1.63643 1.63867 2.96087 30.7442 False 0.0240983 0.000487807 1.17554e-05 0.0 1398 9000000.0 0.12956800000000002 1042730226469178.2 False 3.3437819709043443e-14 -1.4463923230001976 0.2934555037079769 0.7069202643930859 1.9510704184331658e-10
1.61525 1.63408 2.96627 32.3499 False 0.0237866 0.000463596 1.10273e-05 0.0 1398 9000000.0 0.130824 1052838194211562.8 False 3.4089237654308764e-14 -1.4257217964731645 0.2811773868728763 0.7051873500515118 1.9510704184331658e-10
1.59432 1.62953 2.97165 34.0072 False 0.0234783 0.000441002 1.0354e-05 0.0 1398 9000000.0 0.132123 1063292214989713.6 False 3.476956795321864e-14 -1.4052782942006299 0.269175743190973 0.7032734870064101 1.9510704184331658e-10
1.57363 1.62502 2.97702 35.6909 False 0.0231736 0.000420198 9.73752e-06 0.0 1398 9000000.0 0.13346700000000003 1074108384293666.9 False 3.54805414788259e-14 -1.3850571661997948 0.257430107302351 0.7011831166770168 1.9510704184331658e-10
1.55317 1.62055 2.98236 37.4284 False 0.0228723 0.000400692 9.16476e-06 0.0 1398 9000000.0 0.134858 1085302797613457.2 False 3.6223955434604984e-14 -1.3650469273056338 0.245966838658667 0.6989164824452978 1.9510704184331658e-10
1.53295 1.61611 2.98768 39.4103 False 0.0225745 0.000380542 8.59056e-06 0.0 1398 9000000.0 0.136295 1096867407204067.6 False 3.7000048179450026e-14 -1.3452534268162226 0.23476873379544463 0.6965002238128101 1.9510704184331658e-10
1.51296 1.6117 2.99298 41.4241 False 0.0222802 0.000362042 8.06638e-06 0.0 1398 9000000.0 0.13778100000000001 1108826356300551.4 False 3.781125624195339e-14 -1.3256696767685086 0.22383089233636008 0.6939363092765697 1.9510704184331658e-10
1.49321 1.60733 2.99826 43.4307 False 0.0219893 0.000345315 7.59324e-06 0.0 1398 9000000.0 0.139319 1121203788137961.8 False 3.866011474406129e-14 -1.3063131466012954 0.2131513443079941 0.6912225195523636 1.9510704184331658e-10
1.47367 1.60299 3.00351 45.5604 False 0.0217016 0.000329173 7.1436e-06 0.0 1398 9000000.0 0.140908 1133991654971281.2 False 3.9547018136869096e-14 -1.2871504125274171 0.20273712757878956 0.6883638148040626 1.9510704184331658e-10
1.45437 1.59868 3.00874 47.9013 False 0.0214174 0.000313087 6.70549e-06 0.0 1398 9000000.0 0.142552 1147222147780580.8 False 4.047520632546073e-14 -1.2682112069774472 0.1925741535857069 0.6853813732277492 1.9510704184331658e-10
1.43529 1.5944 3.01394 50.2756 False 0.0211364 0.000298301 6.30502e-06 0.0 1398 9000000.0 0.14425000000000002 1160887218820842.8 False 4.144518526105177e-14 -1.2494779602550525 0.18267048748132025 0.6822709901059916 1.9510704184331658e-10
1.41644 1.59014 3.01912 52.6832 False 0.0208587 0.000284669 5.93783e-06 0.0 1398 9000000.0 0.14600700000000003 1175027106817156.2 False 4.2460958823728407e-14 -1.2309556955439074 0.1730094424684675 0.6790567590597748 1.9510704184331658e-10
1.3978 1.58592 3.02426 55.3429 False 0.0205843 0.000270988 5.57809e-06 0.0 1398 9000000.0 0.147823 1189641811769521.2 False 4.352376585989637e-14 -1.212639255716585 0.16361281506708406 0.6757083115079692 1.9510704184331658e-10
1.37939 1.58171 3.02939 58.154 False 0.0203132 0.000257889 5.23853e-06 0.0 1398 9000000.0 0.149699 1204739381422955.5 False 4.463548315081337e-14 -1.19453134265477 0.15443747780236278 0.6722802309791932 1.9510704184331658e-10
1.3612 1.57752 3.03449 61.0035 False 0.0200453 0.000245843 4.92799e-06 0.0 1398 9000000.0 0.151639 1220352006757530.5 False 4.579987209467674e-14 -1.176628655922996 0.1455062807277089 0.6687588267302592 1.9510704184331658e-10
1.34323 1.57336 3.03956 63.891 False 0.0197806 0.000234732 4.64315e-06 0.0 1398 9000000.0 0.153644 1236487735518263.8 False 4.701902854120123e-14 -1.1589393387494795 0.1368151927871076 0.6651376135970252 1.9510704184331658e-10
1.32547 1.5692 3.0446 67.1791 False 0.0195192 0.000223243 4.35753e-06 0.0 1398 9000000.0 0.15571600000000002 1253162663195191.5 False 4.8295750569771066e-14 -1.1414360929133458 0.12835920949504837 0.6614516460275244 1.9510704184331658e-10
1.30794 1.56505 3.04963 70.5473 False 0.0192611 0.000212584 4.0946e-06 0.0 1398 9000000.0 0.15785700000000003 1270392885278348.8 False 4.9632954886497175e-14 -1.124146379964808 0.12011018218890089 0.657704724132773 1.9510704184331658e-10
1.29063 1.5609 3.05463 73.9687 False 0.0190061 0.000202751 3.85351e-06 0.0 1398 9000000.0 0.16006900000000002 1288194497257771.2 False 5.1033682241872186e-14 -1.107053985633961 0.1120897090278867 0.6539060841757058 1.9510704184331658e-10
1.27353 1.55676 3.05961 77.5499 False 0.0187543 0.000193388 3.62686e-06 0.0 1398 9000000.0 0.16235600000000003 1306599690113530.5 False 5.2502396512736e-14 -1.0901591671940405 0.10428017836004722 0.6500440719551197 1.9510704184331658e-10
1.25665 1.55261 3.06456 81.4759 False 0.0185057 0.00018407 3.40634e-06 0.0 1398 9000000.0 0.16471700000000003 1325600416100608.5 False 5.404049138087928e-14 -1.0734577177987585 0.09669138162807997 0.6461489977684207 1.9510704184331658e-10
1.24 1.54844 3.06949 85.4695 False 0.0182604 0.000175469 3.20414e-06 0.0 1398 9000000.0 0.167156 1345228866199076.5 False 5.565271828111545e-14 -1.0569538692365557 0.08930751942180237 0.6422403641010103 1.9510704184331658e-10
1.22355 1.54424 3.07439 89.5316 False 0.0180183 0.000167508 3.01821e-06 0.0 1398 9000000.0 0.16967700000000002 1365517231389006.2 False 5.734405438919459e-14 -1.0406161785994599 0.08213495857488266 0.63831529820063 1.9510704184331658e-10
1.20733 1.54002 3.07926 93.8867 False 0.0177793 0.000159738 2.84003e-06 0.0 1398 9000000.0 0.17228000000000002 1386465511670397.2 False 5.911697017969956e-14 -1.0244780495480525 0.07517174457157842 0.6343813235840754 1.9510704184331658e-10
1.19133 1.53573 3.08411 98.4842 False 0.0175438 0.000152281 2.67158e-06 0.0 1398 9000000.0 0.174966 1408081754788267.5 False 6.097471347107585e-14 -1.0085012594347487 0.0684010267907125 0.630486858033141 1.9510704184331658e-10
1.17556 1.53136 3.08891 103.181 False 0.0173115 0.000145349 2.51621e-06 0.0 1398 9000000.0 0.17773900000000004 1430398151722688.5 False 6.292278064163417e-14 -0.9926880154352484 0.061854845831566876 0.626646467841622 1.9510704184331658e-10
1.16001 1.52692 3.09368 107.963 False 0.0170825 0.000138911 2.37295e-06 0.0 1398 9000000.0 0.180602 1453438845708713.0 False 6.496621311613091e-14 -0.9770392084470306 0.055504425375176386 0.6228457626258453 1.9510704184331658e-10
1.14468 1.52238 3.0984 113.087 False 0.0168568 0.000132616 2.23549e-06 0.0 1398 9000000.0 0.18355500000000002 1477203836746341.8 False 6.710809023389997e-14 -0.9615370310253287 0.04936847511149755 0.6191135550382991 1.9510704184331658e-10
1.12959 1.5177 3.10306 118.518 False 0.0166345 0.00012654 2.10494e-06 0.0 1398 9000000.0 0.18660000000000002 1501709220325610.2 False 6.935307479532549e-14 -0.946175427191478 0.04345400472718814 0.6154976673816025 1.9510704184331658e-10
1.11472 1.51289 3.10766 124.196 False 0.0164156 0.000120755 1.98227e-06 0.0 1398 9000000.0 0.18974200000000002 1526995235171607.2 False 7.170829387494809e-14 -0.930946338308211 0.037754762064352916 0.6119756298513837 1.9510704184331658e-10
1.10006 1.50799 3.11221 130.171 False 0.0161998 0.000115212 1.8664e-06 0.0 1398 9000000.0 0.19298200000000001 1553069929029351.0 False 7.417815849361099e-14 -0.9158684761039091 0.032254310733144456 0.6085035723134525 1.9510704184331658e-10
1.08567 1.50287 3.11668 136.77 False 0.0159877 0.000109653 1.7531e-06 0.0 1398 9000000.0 0.19631300000000002 1579876967683716.5 False 7.676098895717511e-14 -0.9009140384941224 0.026981756359549348 0.6052315498781969 1.9510704184331658e-10
1.07153 1.4975 3.12106 143.897 False 0.0157795 0.000104222 1.64458e-06 0.0 1398 9000000.0 0.19973900000000003 1607448542114775.2 False 7.946359044184349e-14 -0.8860510862035402 0.021940739508921232 0.6021699240972836 1.9510704184331658e-10
1.05764 1.49191 3.12534 151.573 False 0.015575 9.8944e-05 1.54105e-06 0.0 1398 9000000.0 0.20326400000000003 1635816843302598.2 False 8.229309137856227e-14 -0.8713005976293572 0.017135244429309714 0.5992862601203807 1.9510704184331658e-10
1.04398 1.48613 3.12952 160.206 False 0.0153739 9.36126e-05 1.43919e-06 0.0 1398 9000000.0 0.20687700000000003 1664893346051989.8 False 8.524459682640573e-14 -0.8566667760381892 0.012558157039494524 0.5965388234843616 1.9510704184331658e-10
1.03068 1.47987 3.13354 170.477 False 0.0151779 8.79723e-05 1.33524e-06 0.0 1398 9000000.0 0.21056200000000003 1694549286442664.2 False 8.830848531690518e-14 -0.8420855431789759 0.008265333980571318 0.594243119121424 1.9510704184331658e-10
1.0177 1.4732 3.13736 182.216 False 0.0149868 8.23048e-05 1.23349e-06 0.0 1398 9000000.0 0.21432500000000002 1724832950944728.8 False 9.149305021227384e-14 -0.8275689693735289 0.004287060134044181 0.5923044082610247 1.9510704184331658e-10
1.00499 1.46623 3.14102 194.987 False 0.0147998 7.6914e-05 1.13831e-06 0.0 1398 9000000.0 0.21819200000000002 1755953580928647.0 False 9.482439662655312e-14 -0.8131444705981883 0.0005723676128258288 0.5905934662954779 1.9510704184331658e-10
1.0 1.46339 3.14242 200.638 False 0.00583437 7.4748e-05 4.36107e-07 0.0 1398 9000000.0 0.21975200000000003 1768508063156449.5 False 9.618516942958498e-14 -0.8074346547685144 -0.0008225787189705091 0.5899564404624303 1.9510704184331658e-10
1.0 2.18572 1.24588 53.4914 False 0.0014949 0.000829689 1.2403e-06 0.0 5300 9000000.0 0.992874 7990396786825133.0 False 1.9634991514505305e-12 -0.06263003451052634 0.7740795007709096 -0.6299828610870851 1.9510704184331658e-10
1.0014 2.18521 1.2457 53.3749 False 0.0149524 0.0008315 1.24329e-05 0.0 5300 9000000.0 0.9728920000000001 7829586745879011.0 False 1.8852619665445048e-12 -0.062306799151983554 0.775395293867589 -0.6306202986167113 1.9510704184331658e-10
1.01536 2.18012 1.24387 52.121 False 0.0151607 0.000851503 1.29094e-05 0.0 5300 9000000.0 0.9536360000000002 7674619367815829.0 False 1.8113722765808994e-12 -0.0589889054208498 0.7885297796432718 -0.6369435024026725 1.9510704184331658e-10
1.0295 2.175 1.24202 50.7616 False 0.0153718 0.000874306 1.34397e-05 0.0 5300 9000000.0 0.9350710000000001 7525212981559960.0 False 1.7415326376982609e-12 -0.055524339958064516 0.801852620163461 -0.6432881727571351 1.9510704184331658e-10
1.04384 2.16988 1.24016 49.2967 False 0.0155859 0.000900287 1.40318e-05 0.0 5300 9000000.0 0.9171610000000001 7381077868290766.0 False 1.6754582099565484e-12 -0.051935069418649706 0.8153654951919466 -0.6496797698981184 1.9510704184331658e-10
1.05838 2.16476 1.2383 47.6797 False 0.015803 0.00093082 1.47098e-05 0.0 5300 9000000.0 0.8998740000000001 7241956500167675.0 False 1.6128940861946413e-12 -0.04822520610731819 0.8290712181246298 -0.6561123906566997 1.9510704184331658e-10
1.07312 2.15961 1.23661 45.9934 False 0.0160232 0.000964947 1.54615e-05 0.0 5300 9000000.0 0.8831800000000001 7107607444840152.0 False 1.5536060115793563e-12 -0.04449767807297056 0.8430365569963515 -0.6624921543790927 1.9510704184331658e-10
1.08807 2.15442 1.23509 44.2261 False 0.0162464 0.00100351 1.63034e-05 0.0 5300 9000000.0 0.8670710000000001 6977966320348056.0 False 1.4974480471287585e-12 -0.04074928180875847 0.8572787381208652 -0.6688116222808689 1.9510704184331658e-10
1.10323 2.14922 1.23373 42.4682 False 0.0164729 0.00104505 1.7215e-05 0.0 5300 9000000.0 0.8514980000000001 6852638787185511.0 False 1.4441413592955713e-12 -0.03699396474348682 0.871781492840375 -0.6750888150558892 1.9510704184331658e-10
1.11861 2.144 1.23258 40.8122 False 0.0167026 0.00108745 1.81633e-05 0.0 5300 9000000.0 0.8364630000000001 6731640940842555.0 False 1.3935928581869742e-12 -0.033267109555687215 0.8865774678457936 -0.6812943747235489 1.9510704184331658e-10
1.13421 2.13875 1.23166 39.1956 False 0.0169358 0.0011323 1.91765e-05 0.0 5300 9000000.0 0.8219310000000001 6614691110243564.0 False 1.3455912764205586e-12 -0.029582684652730534 0.9016833031631017 -0.687404109433174 1.9510704184331658e-10
1.15005 2.13353 1.23097 37.6212 False 0.0171728 0.00117969 2.02586e-05 0.0 5300 9000000.0 0.8078660000000001 6501499576567896.0 False 1.2999334016929197e-12 -0.02598662757924103 0.917085218702615 -0.6934654997360971 1.9510704184331658e-10
1.16614 2.12837 1.23055 36.1354 False 0.0174132 0.00122819 2.13868e-05 0.0 5300 9000000.0 0.7942580000000001 6391985862365373.0 False 1.2565090974796879e-12 -0.022539161234581273 0.9327915131793707 -0.6994815785647119 1.9510704184331658e-10
1.18246 2.1232 1.23035 34.7392 False 0.0176571 0.00127755 2.25579e-05 0.0 5300 9000000.0 0.781104 6286125824400940.0 False 1.215234709274004e-12 -0.019161388829228403 0.9488152644264775 -0.705403492172706 1.9510704184331658e-10
1.19903 2.11807 1.23039 33.3809 False 0.0179048 0.00132954 2.38052e-05 0.0 5300 9000000.0 0.768379 6183718269049153.0 False 1.1759623449117892e-12 -0.015911666046501263 0.9651545731753217 -0.7112639521741473 1.9510704184331658e-10
1.21585 2.11299 1.23069 32.0607 False 0.0181562 0.00138428 2.51334e-05 0.0 5300 9000000.0 0.7560580000000001 6084562002684567.0 False 1.1385514686794478e-12 -0.012823242481316971 0.9818149925643271 -0.717053768784584 1.9510704184331658e-10
1.23292 2.10796 1.23123 30.8255 False 0.0184111 0.00143975 2.65074e-05 0.0 5300 9000000.0 0.744154 5988761645992411.0 False 1.1029811304473204e-12 -0.009889597788787697 0.9987941211888348 -0.7227753632590137 1.9510704184331658e-10
1.25022 2.10294 1.23197 29.6073 False 0.0186696 0.001499 2.79856e-05 0.0 5300 9000000.0 0.7326480000000001 5896164291817351.0 False 1.0691365540212528e-12 -0.007056872105749583 1.0160895299440103 -0.7283970868243802 1.9510704184331658e-10
1.26778 2.09796 1.23295 28.4249 False 0.0189318 0.00156135 2.95591e-05 0.0 5300 9000000.0 0.721522 5806625080749061.0 False 1.036911275620722e-12 -0.004390743199575133 1.0337259023506584 -0.7339329728139159 1.9510704184331658e-10
1.28558 2.09304 1.23418 27.3081 False 0.0191975 0.0016252 3.11998e-05 0.0 5300 9000000.0 0.710767 5720071583082384.0 False 1.0062292864084777e-12 -0.0019257995221047082 1.0516826312647078 -0.7393753247115713 1.9510704184331658e-10
1.30363 2.08813 1.23559 26.2583 False 0.0194667 0.00169018 3.29022e-05 0.0 5300 9000000.0 0.70038 5636479655582266.0 False 9.770345317426357e-13 0.00042806115472957955 1.069976077248222 -0.7447161793463031 1.9510704184331658e-10
1.32191 2.08323 1.2372 25.2285 False 0.0197395 0.00175917 3.47251e-05 0.0 5300 9000000.0 0.6903450000000001 5555720534328421.0 False 9.492373299293342e-13 0.0026441405693402656 1.0886006164926494 -0.7499251658615497 1.9510704184331658e-10
1.34043 2.07836 1.23901 24.2182 False 0.0200159 0.00183256 3.66803e-05 0.0 5300 9000000.0 0.680649 5477689598635617.0 False 9.227602185346486e-13 0.004697900939967753 1.1075554888556853 -0.7550174526011979 1.9510704184331658e-10
1.3592 2.07351 1.24101 23.2918 False 0.0202957 0.00190544 3.86722e-05 0.0 5300 9000000.0 0.671289 5402362705268802.0 False 8.975558938476756e-13 0.006596896828302745 1.1268543518359166 -0.759987099035696 1.9510704184331658e-10
1.3782 2.06865 1.24318 22.385 False 0.020579 0.00198263 4.08005e-05 0.0 5300 9000000.0 0.6622560000000001 5329667424522815.0 False 8.735630279161817e-13 0.008374986482275044 1.1464944233014696 -0.7647977751929281 1.9510704184331658e-10
1.39744 2.0638 1.24551 21.4887 False 0.0208657 0.00206532 4.30945e-05 0.0 5300 9000000.0 0.653536 5259491087967406.0 False 8.507098727630922e-13 0.010018345160603155 1.1664703147946696 -0.7694707213813062 1.9510704184331658e-10
1.41691 2.05896 1.24803 20.6213 False 0.0211559 0.00215221 4.55318e-05 0.0 5300 9000000.0 0.645121 5191769313642433.0 False 8.289432513957232e-13 0.011487727628982813 1.1867879184165648 -0.7739744291088686 1.9510704184331658e-10
1.43661 2.0541 1.2507 19.8069 False 0.0214494 0.00224069 4.80614e-05 0.0 5300 9000000.0 0.6370060000000001 5126461862822806.0 False 8.082198035823796e-13 0.012839263768029232 1.2074526713178488 -0.7782939624160564 1.9510704184331658e-10
