corona_lab/tests/data/example_model.ecsv
# %ECSV 1.0
# ---
# datatype:
# - {name: radius, unit: 6.957e+08 m, datatype: float64}
# - {name: theta, unit: rad, datatype: float64}
# - {name: phi, unit: rad, datatype: float64}
# - {name: Bmag, unit: G, datatype: float64}
# - {name: proms, datatype: bool}
# - {name: ds, unit: 6.957e+08 m, datatype: float64}
# - {name: dA_c, unit: 4.83998e+17 m2, datatype: float64}
# - {name: dV, unit: 3.36718e+26 m3, datatype: float64}
# - {name: Mprom, unit: kg, datatype: float64}
# - {name: line_num, datatype: int64}
# - {name: temperature, unit: K, datatype: float64}
# - {name: pressure, unit: Pa, datatype: float64}
# - {name: ndens, unit: 1 / m3, datatype: float64}
# - {name: wind, datatype: bool}
# - {name: 8.4 GHz Kappa_ff, unit: 1 / cm, datatype: float64}
# - {name: x, unit: 6.957e+08 m, datatype: float64}
# - {name: y, unit: 6.957e+08 m, datatype: float64}
# - {name: z, unit: 6.957e+08 m, datatype: float64}
# - {name: blackbody, unit: erg / (Hz s sr cm2), datatype: float64}
# meta: !!omap
# - Radius: !astropy.units.Quantity
#     unit: &id001 !astropy.units.Unit {unit: m}
#     value: 695700000.0
# - Source Surface Radius: !astropy.units.Quantity
#     unit: *id001
#     value: 6031575196.790503
# - {nrad: 45}
# - Corona Temperature: !astropy.units.Quantity
#     unit: &id002 !astropy.units.Unit {unit: K}
#     value: 9000000.0
# - Prominence Temperature: !astropy.units.Quantity
#     unit: *id002
#     value: 8500.0
# - {Ratio Exponent: 5.0}
# - Total Prominence Mass: !astropy.units.Quantity
#     unit: &id004 !astropy.units.Unit {unit: kg}
#     value: 302460422000000.0
# - Distance: !astropy.units.Quantity
#     unit: !astropy.units.Unit {unit: pc}
#     value: 15.0
# - {UID: 3532ae0a87757d84cdbf548f2ef2a55b}
# - Observation frequencies: !astropy.units.Quantity
#     unit: !astropy.units.Unit {unit: GHz}
#     value: !numpy.ndarray
#       buffer: !!binary |
#         emN6TXpNek1JRUE9
#       dtype: float64
#       order: C
#       shape: !!python/tuple [1]
# - Observation angle: !astropy.units.Quantity
#     unit: &id003 !astropy.units.Unit {unit: deg}
#     value: !numpy.ndarray
#       buffer: !!binary |
#         QUFBQUFBQUFBQUQvLy8vLy8vOU5RQT09
#       dtype: float64
#       order: C
#       shape: !!python/tuple [2]
# - Phase: !astropy.units.Quantity
#     unit: *id003
#     value: 0.0
# - __serialized_columns__:
#     8.4 GHz Kappa_ff:
#       __class__: astropy.units.quantity.Quantity
#       unit: !astropy.units.Unit {unit: 1 / cm}
#       value: !astropy.table.SerializedColumn {name: 8.4 GHz Kappa_ff}
#     Bmag:
#       __class__: astropy.units.quantity.Quantity
#       unit: !astropy.units.Unit {unit: G}
#       value: !astropy.table.SerializedColumn {name: Bmag}
#     Mprom:
#       __class__: astropy.units.quantity.Quantity
#       unit: *id004
#       value: !astropy.table.SerializedColumn {name: Mprom}
#     blackbody:
#       __class__: astropy.units.quantity.Quantity
#       unit: !astropy.units.Unit {unit: erg / (Hz s sr cm2)}
#       value: !astropy.table.SerializedColumn {name: blackbody}
#     dA_c:
#       __class__: astropy.units.quantity.Quantity
#       unit: !astropy.units.Unit {unit: 4.83998e+17 m2}
#       value: !astropy.table.SerializedColumn {name: dA_c}
#     dV:
#       __class__: astropy.units.quantity.Quantity
[...]
#     ndens:
#       __class__: astropy.units.quantity.Quantity
#       unit: !astropy.units.Unit {unit: 1 / m3}
#       value: !astropy.table.SerializedColumn {name: ndens}
#     phi:
#       __class__: astropy.units.quantity.Quantity
#       unit: &id005 !astropy.units.Unit {unit: rad}
#       value: !astropy.table.SerializedColumn {name: phi}
#     pressure:
#       __class__: astropy.units.quantity.Quantity
#       unit: !astropy.units.Unit {unit: Pa}
#       value: !astropy.table.SerializedColumn {name: pressure}
#     radius:
#       __class__: astropy.units.quantity.Quantity
#       unit: !astropy.units.Unit {unit: 6.957e+08 m}
#       value: !astropy.table.SerializedColumn {name: radius}
#     temperature:
#       __class__: astropy.units.quantity.Quantity
#       unit: *id002
#       value: !astropy.table.SerializedColumn {name: temperature}
#     theta:
#       __class__: astropy.units.quantity.Quantity
#       unit: *id005
#       value: !astropy.table.SerializedColumn {name: theta}
#     x:
#       __class__: astropy.units.quantity.Quantity
#       unit: !astropy.units.Unit {unit: 6.957e+08 m}
#       value: !astropy.table.SerializedColumn {name: x}
#     y:
#       __class__: astropy.units.quantity.Quantity
#       unit: !astropy.units.Unit {unit: 6.957e+08 m}
#       value: !astropy.table.SerializedColumn {name: y}
#     z:
#       __class__: astropy.units.quantity.Quantity
#       unit: !astropy.units.Unit {unit: 6.957e+08 m}
#       value: !astropy.table.SerializedColumn {name: z}
# schema: astropy-2.0
radius theta phi Bmag proms ds dA_c dV Mprom line_num temperature pressure ndens wind "8.4 GHz Kappa_ff" x y z blackbody
[from data line 880]
1.4767 2.04433 1.2565 18.2036 False 0.0220464 0.00243804 5.37499e-05 0.0 5300 9000000.0 0.6216380000000001 5002784117388916.0 False 7.696930244366276e-13 0.015139363273441408 1.2498298718238494 -0.7863453320116135 1.9510704184331658e-10
1.49708 2.03943 1.25965 17.4759 False 0.0223498 0.00253957 5.67587e-05 0.0 5300 9000000.0 0.614369 4944285058854366.0 False 7.517977632747428e-13 0.016041016715028687 1.2715394488569105 -0.7900497719659261 1.9510704184331658e-10
1.51769 2.03448 1.26292 16.7704 False 0.0226564 0.0026464 5.99578e-05 0.0 5300 9000000.0 0.607367 4887934748239575.0 False 7.347588489514893e-13 0.01685111516641305 1.2936109605265578 -0.7935172706521293 1.9510704184331658e-10
1.53851 2.0295 1.26633 16.0707 False 0.0229662 0.00276162 6.3424e-05 0.0 5300 9000000.0 0.6006250000000001 4833676851329419.0 False 7.18537190689903e-13 0.01752341134045159 1.316024125365132 -0.7967348690825158 1.9510704184331658e-10
1.55954 2.02448 1.2699 15.3913 False 0.0232791 0.00288353 6.7126e-05 0.0 5300 9000000.0 0.5941350000000001 4781446986163754.0 False 7.03092905498488e-13 0.018035612431049553 1.3387949120940221 -0.7996673756227622 1.9510704184331658e-10
1.58079 2.01942 1.27359 14.7778 False 0.0235951 0.00300323 7.08616e-05 0.0 5300 9000000.0 0.587891 4731196866272472.0 False 6.883923967298649e-13 0.01842601541875363 1.361916355263438 -0.80233493462627 1.9510704184331658e-10
1.60225 2.01431 1.27741 14.1691 False 0.0239141 0.00313226 7.49052e-05 0.0 5300 9000000.0 0.581886 4682870157440450.0 False 6.744010818250246e-13 0.018684647726060277 1.3853913420188413 -0.8047029115758105 1.9510704184331658e-10
1.62391 2.00914 1.28136 13.5596 False 0.024236 0.00327306 7.93258e-05 0.0 5300 9000000.0 0.5761160000000001 4636434668687617.0 False 6.610926291601599e-13 0.018813118702268757 1.409218369827904 -0.8067424253157135 1.9510704184331658e-10
1.64577 2.00393 1.28546 12.9908 False 0.0245608 0.00341636 8.39084e-05 0.0 5300 9000000.0 0.5705730000000001 4591826018053829.0 False 6.484326507039366e-13 0.01876105966656618 1.4333928832317362 -0.8084502197666825 1.9510704184331658e-10
1.66783 1.99866 1.28968 12.4582 False 0.0248883 0.00356242 8.86627e-05 0.0 5300 9000000.0 0.565252 4549003966813996.0 False 6.363948506906506e-13 0.018575557847722194 1.4579154726142436 -0.8098112942301017 1.9510704184331658e-10
1.69007 1.99331 1.29403 11.9302 False 0.0252185 0.00372008 9.38149e-05 0.0 5300 9000000.0 0.560149 4507936323988050.0 False 6.249561865986684e-13 0.018255250019565728 1.4827858462502648 -0.8107709201165324 1.9510704184331658e-10
1.71249 1.9879 1.29851 11.4071 False 0.0255513 0.00389066 9.94115e-05 0.0 5300 9000000.0 0.555257 4468566755360864.0 False 6.14087880380402e-13 0.017774023457809304 1.5079899589238277 -0.8113398597228133 1.9510704184331658e-10
1.73509 1.98242 1.30313 10.942 False 0.0258866 0.00405606 0.000104997 0.0 5300 9000000.0 0.5505720000000001 4430863069952368.0 False 6.037688233700715e-13 0.017120148897287468 1.5335375986008648 -0.8114842218301153 1.9510704184331658e-10
1.75786 1.97686 1.30786 10.4907 False 0.0262242 0.00423054 0.000110943 0.0 5300 9000000.0 0.546089 4394785029037471.0 False 5.939765488611048e-13 0.01633513408116975 1.559412560836017 -0.8111950493570617 1.9510704184331658e-10
1.78079 1.97122 1.31271 10.0439 False 0.0265641 0.00441874 0.00011738 0.0 5300 9000000.0 0.541803 4360292393891085.5 False 5.846894430969573e-13 0.0153987660213283 1.5856083190021526 -0.8104456556834568 1.9510704184331658e-10
1.80386 1.9655 1.3177 9.60554 False 0.0269061 0.00462037 0.000124316 0.0 5300 9000000.0 0.537711 4327361021278157.5 False 5.75890989545695e-13 0.014275764873489562 1.6121130228283667 -0.8091963320260808 1.9510704184331658e-10
1.82709 1.9597 1.32281 9.21857 False 0.02725 0.00481432 0.00013119 0.0 5300 9000000.0 0.533806 4295934576983561.5 False 5.67556815888402e-13 0.01298597078260318 1.6389332789815954 -0.8074570822709215 1.9510704184331658e-10
1.85044 1.9538 1.32805 8.8359 False 0.0275957 0.00502283 0.000138608 0.0 5300 9000000.0 0.530087 4266005013262281.0 False 5.596760836580927e-13 0.011527253281419621 1.6660474668428085 -0.8051590863043451 1.9510704184331658e-10
1.87392 1.94781 1.33342 8.45949 False 0.027943 0.00524632 0.000146598 0.0 5300 9000000.0 0.5265480000000001 4237524043644209.5 False 5.522279408264914e-13 0.009881891806989129 1.6934537989323508 -0.8023046463132971 1.9510704184331658e-10
1.8975 1.94175 1.33893 8.09667 False 0.0282917 0.00548141 0.000155078 0.0 5300 9000000.0 0.523185 4210459477149272.5 False 5.451964379447418e-13 0.008006330346269325 1.7211112290527357 -0.7988856525830005 1.9510704184331658e-10
1.92118 1.93558 1.34458 7.77593 False 0.0286418 0.00570751 0.000163473 0.0 5300 9000000.0 0.5199940000000001 4184779122797403.0 False 5.385662157696998e-13 0.005932374009618484 1.7490411188894004 -0.7948286379923184 1.9510704184331658e-10
1.94495 1.92932 1.35034 7.45928 False 0.0289929 0.0059498 0.000172502 0.0 5300 9000000.0 0.516972 4160458837353543.5 False 5.323245369303658e-13 0.003676978552498028 1.777202958279651 -0.7901687335061935 1.9510704184331658e-10
1.96879 1.92296 1.35624 7.14693 False 0.0293447 0.00620983 0.000182226 0.0 5300 9000000.0 0.514116 4137474477582644.0 False 5.264591539153274e-13 0.0011968949561573616 1.8055905749023593 -0.7848409439919863 1.9510704184331658e-10
1.99268 1.9165 1.36229 6.84652 False 0.0296971 0.0064823 0.000192506 0.0 5300 9000000.0 0.511421 4115785804759613.0 False 5.209542144847924e-13 -0.0015324884432676388 1.8341818919810822 -0.778811929163819 1.9510704184331658e-10
2.01662 1.90993 1.36846 6.57906 False 0.0300499 0.00674583 0.000202711 0.0 5300 9000000.0 0.508885 4095376723394416.5 False 5.158004789197753e-13 -0.004461567373613075 1.8629634378507542 -0.7720774236097503 1.9510704184331658e-10
2.04057 1.90325 1.37476 6.31451 False 0.0304025 0.00702845 0.000213683 0.0 5300 9000000.0 0.5065040000000001 4076215042506982.0 False 5.109850575992291e-13 -0.007613575029443751 1.8918930666607972 -0.764597006727123 1.9510704184331658e-10
2.06452 1.89646 1.38119 6.05485 False 0.0307547 0.00732985 0.000225428 0.0 5300 9000000.0 0.5042760000000001 4058284666607274.5 False 5.064995224087233e-13 -0.010996038702387887 1.9209513952352302 -0.7563515417295569 1.9510704184331658e-10
2.08843 1.88955 1.38777 5.80043 False 0.0311062 0.00765136 0.000238005 0.0 5300 9000000.0 0.502197 4041553404715221.5 False 5.023317973633872e-13 -0.014639030729750483 1.9501038517762603 -0.7472754050326333 1.9510704184331658e-10
2.1123 1.88252 1.39449 5.5826 False 0.0314568 0.00794991 0.000250079 0.0 5300 9000000.0 0.5002630000000001 4025989065850754.5 False 4.984702091176735e-13 -0.018533946872811246 1.9793342562860583 -0.7373626548082234 1.9510704184331658e-10
2.13611 1.87536 1.40133 5.36917 False 0.031806 0.00826593 0.000262906 0.0 5300 9000000.0 0.49847 4011559459033799.0 False 4.949034635419665e-13 -0.022642382949095034 2.0086100223687415 -0.7265941319844459 1.9510704184331658e-10
2.15982 1.86807 1.4083 5.16033 False 0.0321533 0.00860045 0.000276533 0.0 5300 9000000.0 0.49681400000000003 3998232393284285.5 False 4.916206229365642e-13 -0.02698723276456294 2.037882886263822 -0.7149317894322107 1.9510704184331658e-10
2.1834 1.86066 1.41541 4.95397 False 0.032498 0.00895871 0.00029114 0.0 5300 9000000.0 0.49529400000000007 3985999820857196.0 False 4.886170029798461e-13 -0.03160342552129229 2.0671061800891994 -0.702359469027334 1.9510704184331658e-10
2.20682 1.85311 1.42266 4.76625 False 0.0328401 0.00931156 0.000305793 0.0 5300 9000000.0 0.493906 3974829550772458.5 False 4.858822631530503e-13 -0.0364745468875004 2.096247044329012 -0.6888196055363358 1.9510704184331658e-10
2.23005 1.84543 1.43005 4.59485 False 0.033179 0.0096589 0.000320473 0.0 5300 9000000.0 0.49264300000000005 3964665248814949.5 False 4.834004764527465e-13 -0.041617462721437605 2.1252527167227306 -0.6743084452676547 1.9510704184331658e-10
2.25306 1.83761 1.43758 4.42834 False 0.0335141 0.0100221 0.000335881 0.0 5300 9000000.0 0.49150400000000005 3955498867239650.0 False 4.811677982181514e-13 -0.047025783795440076 2.154081329200314 -0.658787952568226 1.9510704184331658e-10
2.27581 1.82966 1.44525 4.26678 False 0.0338447 0.0104016 0.000352038 0.0 5300 9000000.0 0.49048200000000003 3947274071831435.5 False 4.791688633960831e-13 -0.05271528031748515 2.182668206818386 -0.6422552096053873 1.9510704184331658e-10
2.29826 1.82157 1.45306 4.11038 False 0.0341703 0.0107974 0.000368949 0.0 5300 9000000.0 0.48957500000000004 3939974767100271.0 False 4.773983424720052e-13 -0.05867793350350901 2.21095909334612 -0.6246725664457016 1.9510704184331658e-10
2.32037 1.81335 1.46102 3.9727 False 0.0344905 0.0111715 0.000385312 0.0 5300 9000000.0 0.488777 3933552666576049.0 False 4.758433063915131e-13 -0.06494762317023223 2.238889328931289 -0.6060307879490467 1.9510704184331658e-10
2.34212 1.80498 1.46912 3.84256 False 0.0348046 0.0115499 0.000401989 0.0 5300 9000000.0 0.48808300000000004 3927967531533680.5 False 4.744929940445642e-13 -0.07148442964372774 2.26642380397274 -0.5862927694456465 1.9510704184331658e-10
2.36344 1.79647 1.47734 3.71757 False 0.0351117 0.0119382 0.000419172 0.0 5300 9000000.0 0.4874880000000001 3923179123248076.5 False 4.733368331144424e-13 -0.07826050169236154 2.2934594211530546 -0.5654801596865775 1.9510704184331658e-10
2.3843 1.78781 1.48571 3.59789 False 0.0354113 0.0123354 0.000436811 0.0 5300 9000000.0 0.48698600000000003 3919139155249129.5 False 4.723624799163989e-13 -0.08532305389663232 2.319952503186361 -0.5435318292732186 1.9510704184331658e-10
2.40464 1.77901 1.49421 3.48365 False 0.0357024 0.0127399 0.000454844 0.0 5300 9000000.0 0.4865730000000001 3915815436556769.5 False 4.715616232975979e-13 -0.09264231000543337 2.3458074599485594 -0.5204789072061855 1.9510704184331658e-10
2.42441 1.77006 1.50284 3.37839 False 0.0359849 0.0131368 0.000472726 0.0 5300 9000000.0 0.486242 3913151632955869.5 False 4.709202650353946e-13 -0.1002028660130293 2.3709520677268268 -0.4962958052257342 1.9510704184331658e-10
2.44359 1.76097 1.5116 3.28672 False 0.0362577 0.0135032 0.000489594 0.0 5300 9000000.0 0.48598600000000003 3911091410231307.5 False 4.704245289517756e-13 -0.10801361189729912 2.395332538822617 -0.47100655643260003 1.9510704184331658e-10
2.46212 1.75173 1.52047 3.19953 False 0.03652 0.0138712 0.000506575 0.0 5300 9000000.0 0.48579900000000004 3909586481912974.5 False 4.700625742358997e-13 -0.11601440011814529 2.41886221170333 -0.44461348850310783 1.9510704184331658e-10
2.47993 1.74235 1.52947 3.11825 False 0.0367711 0.0142327 0.000523352 0.0 5300 9000000.0 0.485675 3908588561530764.5 False 4.698226382943202e-13 -0.12425060521650406 2.4414401115125224 -0.41711482100382885 1.9510704184331658e-10
2.49698 1.73283 1.53858 3.04268 False 0.03701 0.0145862 0.000539836 0.0 5300 9000000.0 0.48560600000000004 3908033267124535.0 False 4.696891520772348e-13 -0.13267166254923107 2.4629939470981204 -0.3885462223654278 1.9510704184331658e-10
2.51321 1.72318 1.54782 2.97287 True 0.0372362 0.0149288 0.000555891 9609490000000.0 5300 8500.0 0.485586 6.022994963834607e+16 False 1.7032630033199218e-06 -0.14132164844226178 2.483431406830709 -0.35891662450826617 1.8426339619374427e-13
2.52857 1.71341 1.55717 2.90794 True 0.0374485 0.0152621 0.000571542 9880490000000.0 5300 8500.0 0.4856080000000001 6.0232578806915e+16 False 1.70341170885e-06 -0.15015859027435627 2.5026673285181373 -0.32829085493615157 1.8426339619374427e-13
2.54298 1.70352 1.56664 2.84907 True 0.0376466 0.0155774 0.000586438 10139200000000.0 5300 8500.0 0.48566400000000004 6.0239510251324e+16 False 1.7038037818167676e-06 -0.15918891327964624 2.520593062900198 -0.2966762234292525 1.8426339619374427e-13
2.55643 1.69351 1.5762 2.80261 True 0.0378301 0.0158357 0.000599064 10359200000000.0 5300 8500.0 0.485746 6.024978791027527e+16 False 1.7043852144323528e-06 -0.16833443609427237 2.5371689127898787 -0.2641434657481614 1.8426339619374427e-13
2.5689 1.68339 1.58584 2.76172 True 0.0379986 0.0160701 0.000610642 10561700000000.0 5300 8500.0 0.48584900000000003 6.026257523013325e+16 False 1.7051087632603668e-06 -0.17757054642118478 2.5523449514751926 -0.2307621280080008 1.8426339619374427e-13
2.58034 1.67316 1.59556 2.72641 True 0.0381515 0.0162783 0.000621041 10744100000000.0 5300 8500.0 0.48596500000000004 6.0276916149600136e+16 False 1.7059204025549058e-06 -0.1868786190636731 2.5660459827693156 -0.1965678296423685 1.8426339619374427e-13
2.59072 1.66282 1.60534 2.69572 True 0.038288 0.0164636 0.000630359 10908100000000.0 5300 8500.0 0.4860880000000001 6.0292213130364824e+16 False 1.706786364003496e-06 -0.19619553334881262 2.578219153834464 -0.16162742927819235 1.8426339619374427e-13
2.59999 1.6524 1.61518 2.67023 True 0.0384078 0.0166207 0.000638367 11049500000000.0 5300 8500.0 0.48621300000000006 6.030774912645395e+16 False 1.707666081011018e-06 -0.20553823159500934 2.5887859959989905 -0.12605198281785226 1.8426339619374427e-13
2.60813 1.64189 1.62508 2.651 True 0.0385103 0.0167413 0.000644712 11162100000000.0 5300 8500.0 0.48633300000000007 6.032268758423197e+16 False 1.7085121764952235e-06 -0.21487381434421046 2.597709563863655 -0.08986858528134291 1.8426339619374427e-13
2.61508 1.63132 1.63503 2.63814 True 0.0385953 0.0168229 0.000649287 11243800000000.0 5300 8500.0 0.486445 6.0336430965387736e+16 False 1.7092907694197575e-06 -0.22419427936130795 2.6049086577781764 -0.053209173400475845 1.8426339619374427e-13
2.62086 1.62069 1.64501 2.63127 True 0.0386627 0.0168668 0.000652117 11295100000000.0 5300 8500.0 0.48654300000000006 6.0348620746934584e+16 False 1.7099814959173151e-06 -0.2334361359366591 2.6103933946121165 -0.01615659012274003 1.8426339619374427e-13
2.62543 1.61001 1.65503 2.62916 True 0.0387122 0.0168804 0.000653476 11320600000000.0 5300 8500.0 0.48662400000000006 6.0358659390561416e+16 False 1.710550434274385e-06 -0.24261090525814108 2.614110220709407 0.02122233569713671 1.8426339619374427e-13
2.62879 1.59929 1.66506 2.63308 True 0.038744 0.0168553 0.000653041 11314500000000.0 5300 8500.0 0.486686 6.0366427388605976e+16 False 1.7109907491388626e-06 -0.25164280018053165 2.616057070775021 0.05880618730472937 1.8426339619374427e-13
2.63095 1.58855 1.67511 2.64306 True 0.0387585 0.0167916 0.000650815 11276800000000.0 5300 8500.0 0.48672600000000005 6.037132720275717e+16 False 1.7112685153504727e-06 -0.2605606213869879 2.6162364773727087 0.09650264010308772 1.8426339619374427e-13
2.63194 1.57779 1.68516 2.659 False 0.0387559 0.0166909 0.000646872 0.0 5300 9000000.0 0.48674400000000007 3917191600954817.0 False 4.718931304179001e-13 -0.26930137231708295 2.6146831687515792 0.1342269030982218 1.9510704184331658e-10
2.63176 1.56701 1.69519 2.68035 False 0.0387364 0.016558 0.000641397 0.0 5300 9000000.0 0.48673800000000006 3917143314484710.0 False 4.718814966172506e-13 -0.2777994796263537 2.611405877983064 0.17189382523764543 1.9510704184331658e-10
2.63044 1.55623 1.70521 2.70683 True 0.0387002 0.016396 0.000634528 10994200000000.0 5300 8500.0 0.48670900000000006 6.036917606483714e+16 False 1.7111465664326042e-06 -0.2860872772050487 2.6064370893134434 0.20941433301631238 1.8426339619374427e-13
2.62798 1.54546 1.7152 2.73916 True 0.0386479 0.0162025 0.000626193 10848700000000.0 5300 8500.0 0.4866580000000001 6.0362842158739256e+16 False 1.7107875198526678e-06 -0.29411372541359543 2.5997930421574873 0.24668225488034803 1.8426339619374427e-13
2.62443 1.53471 1.72515 2.7781 True 0.0385796 0.0159754 0.000616324 10676100000000.0 5300 8500.0 0.486586 6.035399859173467e+16 False 1.710286272554274e-06 -0.30185696547930807 2.591540128109841 0.2836105810579909 1.8426339619374427e-13
