corona_lab/tests/data/process_fieldlines_ex.ecsv
# %ECSV 1.0
# ---
# datatype:
# - {name: radius, unit: 6.957e+08 m, datatype: float64}
# - {name: theta, unit: rad, datatype: float64}
# - {name: phi, unit: rad, datatype: float64}
# - {name: ds, unit: 6.957e+08 m, datatype: float64}
# - {name: Bmag, unit: G, datatype: float64}
# - {name: Brad, unit: G, datatype: float64}
# - {name: Btheta, unit: G, datatype: float64}
# - {name: Bphi, unit: G, datatype: float64}
# - {name: line_num, datatype: int64}
# - {name: s_pos, unit: 6.957e+08 m, datatype: float64}
# - {name: dA_c, unit: 4.83998e+17 m2, datatype: float64}
# - {name: dV, unit: 3.36718e+26 m3, datatype: float64}
# - {name: pressure, unit: Pa, datatype: float64}
# - {name: proms, datatype: bool}
# - {name: Rhoprom, unit: kg / m3, datatype: float64}
# - {name: Mprom, unit: 3.36718e+26 kg, datatype: float64}
# - {name: temperature, unit: K, datatype: float64}
# - {name: ndens, unit: 1 / m3, datatype: float64}
# - {name: wind, datatype: bool}
# meta: !!omap
# - Radius: !astropy.units.Quantity
#     unit: &id001 !astropy.units.Unit {unit: m}
#     value: 695700000.0
# - Source Surface Radius: !astropy.units.Quantity
#     unit: *id001
#     value: 6031575196.790503
# - {nrad: 45}
# - Corona Temperature: !astropy.units.Quantity
#     unit: &id002 !astropy.units.Unit {unit: K}
#     value: 9000000.0
# - Prominence Temperature: !astropy.units.Quantity
#     unit: *id002
#     value: 8500.0
# - {Ratio Exponent: 5.0}
# - Total Prominence Mass: !astropy.units.Quantity
#     unit: &id004 !astropy.units.Unit {unit: 3.36718e+26 kg}
#     value: 2.124167972629168e-11
# - {UID: a74106a617e7d7e0eca21128928042a6}
# - Phase: !astropy.units.Quantity
#     unit: !astropy.units.Unit {unit: deg}
#     value: 0.0
# - Distance: !astropy.units.Quantity
#     unit: !astropy.units.Unit {unit: pc}
#     value: 14.0
# - __serialized_columns__:
#     Bmag:
#       __class__: astropy.units.quantity.Quantity
#       unit: &id003 !astropy.units.Unit {unit: G}
#       value: !astropy.table.SerializedColumn {name: Bmag}
#     Bphi:
#       __class__: astropy.units.quantity.Quantity
#       unit: *id003
#       value: !astropy.table.SerializedColumn {name: Bphi}
#     Brad:
#       __class__: astropy.units.quantity.Quantity
#       unit: *id003
#       value: !astropy.table.SerializedColumn {name: Brad}
#     Btheta:
#       __class__: astropy.units.quantity.Quantity
#       unit: *id003
#       value: !astropy.table.SerializedColumn {name: Btheta}
#     Mprom:
#       __class__: astropy.units.quantity.Quantity
#       unit: *id004
#       value: !astropy.table.SerializedColumn {name: Mprom}
#     Rhoprom:
#       __class__: astropy.units.quantity.Quantity
#       unit: !astropy.units.Unit {unit: kg / m3}
#       value: !astropy.table.SerializedColumn {name: Rhoprom}
#     dA_c:
#       __class__: astropy.units.quantity.Quantity
#       unit: !astropy.units.Unit {unit: 4.83998e+17 m2}
#       value: !astropy.table.SerializedColumn {name: dA_c}
#     dV:
#       __class__: astropy.units.quantity.Quantity
#       unit: !astropy.units.Unit {unit: 3.36718e+26 m3}
#       value: !astropy.table.SerializedColumn {name: dV}
#     ds:
#       __class__: astropy.units.quantity.Quantity
#       unit: !astropy.units.Unit {unit: 6.957e+08 m}
#       value: !astropy.table.SerializedColumn {name: ds}
#     ndens:
#       __class__: astropy.units.quantity.Quantity
#       unit: !astropy.units.Unit {unit: 1 / m3}
#       value: !astropy.table.SerializedColumn {name: ndens}
#     phi:
#       __class__: astropy.units.quantity.Quantity
#       unit: &id005 !astropy.units.Unit {unit: rad}
#       value: !astropy.table.SerializedColumn {name: phi}
#     pressure:
#       __class__: astropy.units.quantity.Quantity
#       unit: !astropy.units.Unit {unit: Pa}
#       value: !astropy.table.SerializedColumn {name: pressure}
#     radius:
#       __class__: astropy.units.quantity.Quantity
#       unit: !astropy.units.Unit {unit: 6.957e+08 m}
#       value: !astropy.table.SerializedColumn {name: radius}
#     s_pos:
#       __class__: astropy.units.quantity.Quantity
#       unit: !astropy.units.Unit {unit: 6.957e+08 m}
#       value: !astropy.table.SerializedColumn {name: s_pos}
#     temperature:
#       __class__: astropy.units.quantity.Quantity
#       unit: *id002
#       value: !astropy.table.SerializedColumn {name: temperature}
#     theta:
#       __class__: astropy.units.quantity.Quantity
#       unit: *id005
#       value: !astropy.table.SerializedColumn {name: theta}
# schema: astropy-2.0
radius theta phi ds Bmag Brad Btheta Bphi line_num s_pos dA_c dV pressure proms Rhoprom Mprom temperature ndens wind
[from data line 2685]
1.57659 0.773317 0.0490874 0.0232173 99.2737 -89.3906 -43.1809 -3.621e-14 25 6.4086237 0.001689319686964995 3.9221441968172376e-05 1.1856005017060265 False 0.0 0.0 9000000.0 9541410530732096.0 False
1.55566 0.766902 0.0490874 0.022909 103.5 -93.415 -44.5643 -4.14034e-14 25 6.4318409999999995 0.0016203383169841239 3.712033050378929e-05 1.1969826618183137 False 0.0 0.0 9000000.0 9633011253067810.0 False
1.53496 0.760551 0.0490874 0.0226042 108.373 -98.0348 -46.1938 -7.06491e-14 25 6.45475 0.0015474796841266443 3.497954027593549e-05 1.2087469554986747 False 0.0 0.0 9000000.0 9727687288922130.0 False
1.51449 0.754263 0.0490874 0.0223027 113.292 -102.711 -47.8073 -9.23568e-14 25 6.477354200000001 0.0014802900099553085 3.301446400503026e-05 1.2209032929084298 False 0.0 0.0 9000000.0 9825518392746452.0 False
1.49425 0.748038 0.0490874 0.0220047 118.253 -107.439 -49.4028 -1.06366e-13 25 6.499656900000001 0.0014181882557555141 3.120680711142336e-05 1.2334620946289985 False 0.0 0.0 9000000.0 9926588426722974.0 False
1.47424 0.741876 0.0490874 0.0217099 123.5 -112.44 -51.0823 -1.38017e-13 25 6.521661600000001 0.0013579353506709055 2.948064066953029e-05 1.2464340255456439 False 0.0 0.0 9000000.0 1.003098321912894e+16 False
1.45445 0.735774 0.0490874 0.0214186 129.269 -117.931 -52.9404 -1.96562e-13 25 6.543371500000001 0.0012973335897071751 2.77870692245021e-05 1.2598307388857457 False 0.0 0.0 9000000.0 1.0138796552166936e+16 False
1.43489 0.729732 0.0490874 0.0211305 135.048 -123.446 -54.7625 -2.54717e-13 25 6.564790100000001 0.001241817841122096 2.6240231891830448e-05 1.273664028933856 False 0.0 0.0 9000000.0 1.0250123343231706e+16 False
1.41556 0.723749 0.0490874 0.0208458 140.871 -129.016 -56.5627 -2.99694e-13 25 6.5859206 0.0011904864436815016 2.481664230769585e-05 1.2879464241439436 False 0.0 0.0 9000000.0 1.0365064418126254e+16 False
1.39645 0.717825 0.0490874 0.0205644 147.348 -135.2 -58.5854 -4.78633e-13 25 6.606766400000001 0.0011381560374613623 2.340549601677044e-05 1.3026911545071589 False 0.0 0.0 9000000.0 1.048372624844595e+16 False
1.37756 0.711959 0.0490874 0.0202863 154.121 -141.672 -60.682 -6.66292e-13 25 6.6273308 0.0010881386430652332 2.207430695481424e-05 1.3179121313676374 False 0.0 0.0 9000000.0 1.0606220789141252e+16 False
1.3589 0.706149 0.0490874 0.0200114 160.943 -148.205 -62.7533 -7.97445e-13 25 6.6476171 0.0010420149730516817 2.085217843172642e-05 1.3336235479364138 False 0.0 0.0 9000000.0 1.073266226355555e+16 False
1.34046 0.700396 0.0490874 0.0197398 167.927 -154.902 -64.843 -9.40883e-13 25 6.667628499999999 0.0009986780911220758 1.971370578313155e-05 1.3498404995308553 False 0.0 0.0 9000000.0 1.086317215495398e+16 False
1.32223 0.694699 0.0490874 0.0194715 175.861 -162.493 -67.2536 -1.47077e-12 25 6.6873683 0.0009536225530837242 1.8568461542369735e-05 1.36657925530373 False 0.0 0.0 9000000.0 1.0997881393329674e+16 False
1.30422 0.689055 0.0490874 0.0192063 183.851 -170.153 -69.6352 -1.75842e-12 25 6.706839799999999 0.0009121789699694689 1.751958295092461e-05 1.3838562683403128 False 0.0 0.0 9000000.0 1.1136922388917682e+16 False
1.28644 0.683466 0.0490874 0.0189443 191.862 -177.85 -71.9745 -2.02842e-12 25 6.726046099999999 0.0008740918775362335 1.655905875560967e-05 1.4016886212598423 False 0.0 0.0 9000000.0 1.128043261828187e+16 False
1.26886 0.67793 0.0490874 0.0186855 200.541 -186.183 -74.5141 -3.09227e-12 25 6.744990399999999 0.0008362629876576701 1.5625992055877395e-05 1.4200949891166947 False 0.0 0.0 9000000.0 1.1428562373498056e+16 False
1.2515 0.672447 0.0490874 0.0184299 209.835 -195.106 -77.2281 -4.56147e-12 25 6.7636759 0.0007992232745150085 1.4729605026984155e-05 1.4390944133767603 False 0.0 0.0 9000000.0 1.1581464895428488e+16 False
1.23435 0.667016 0.0490874 0.0181773 219.188 -204.103 -79.9073 -5.67602e-12 25 6.7821058 0.0007651195129653851 1.3907806923025695e-05 1.458706927128424 False 0.0 0.0 9000000.0 1.1739301405260408e+16 False
1.21741 0.661635 0.0490874 0.0179279 228.599 -213.173 -82.5522 -6.44011e-12 25 6.8002831 0.0007336209511321434 1.3152283049801952e-05 1.4789537526897223 False 0.0 0.0 9000000.0 1.190224269479806e+16 False
1.20068 0.656306 0.0490874 0.0176815 239.433 -223.588 -85.6532 -1.08491e-11 25 6.818210999999999 0.0007004256548088895 1.2384576215503379e-05 1.4998566477594464 False 0.0 0.0 9000000.0 1.207046386445349e+16 False
1.18416 0.651026 0.0490874 0.0174382 250.372 -234.122 -88.7282 -1.38726e-11 25 6.8358925 0.0006698233660627259 1.1680513822075027e-05 1.5214386784880178 False 0.0 0.0 9000000.0 1.2244150544723836e+16 False
1.16784 0.645796 0.0490874 0.0171979 261.377 -244.739 -91.7639 -1.54005e-11 25 6.853330699999999 0.0006416211671564706 1.1034536670640265e-05 1.5437243410042503 False 0.0 0.0 9000000.0 1.242349987420771e+16 False
1.15173 0.640614 0.0490874 0.0169606 273.157 -256.102 -95.0087 -1.98484e-11 25 6.8705286 0.0006139510091553826 1.0412977485880781e-05 1.5667387497084078 False 0.0 0.0 9000000.0 1.2608713967194716e+16 False
1.13582 0.63548 0.0490874 0.0167263 285.909 -268.397 -98.5237 -2.80225e-11 25 6.8874892 0.0005865678093654163 9.811109149788764e-06 1.59050853360694 False 0.0 0.0 9000000.0 1.2800007127138838e+16 False
1.12011 0.630394 0.0490874 0.0164949 298.697 -280.749 -101.98 -3.5997e-11 25 6.9042155 0.0005614553069091983 9.261149141936536e-06 1.6150616413162318 False 0.0 0.0 9000000.0 1.299760427737834e+16 False
1.10459 0.625354 0.0490874 0.0162665 311.554 -293.188 -105.391 -4.21491e-11 25 6.920710399999999 0.0005382855485978574 8.756021876267047e-06 1.6404279417601133 False 0.0 0.0 9000000.0 1.3201745795396168e+16 False
1.08928 0.620361 0.0490874 0.0160409 326.234 -307.363 -109.346 -7.17458e-11 25 6.9369768999999994 0.0005140635734100579 8.246042374713397e-06 1.6666371650438259 False 0.0 0.0 9000000.0 1.3412670941498654e+16 False
1.07415 0.615413 0.0490874 0.0158182 341.173 -321.807 -113.31 -9.64505e-11 25 6.9530178 0.000491554184556975 7.775502402159143e-06 1.693722422699677 False 0.0 0.0 9000000.0 1.3630646188854958e+16 False
1.05923 0.61051 0.0490874 0.0155984 356.192 -336.351 -117.221 -1.13475e-10 25 6.9688360000000005 0.0004708275755992746 7.3441568552277255e-06 1.7217168406819168 False 0.0 0.0 9000000.0 1.3855938126698358e+16 False
1.04449 0.605652 0.0490874 0.0153814 372.19 -351.841 -121.378 -1.54775e-10 25 6.9844344 0.00045058979501828855 6.9307018730943035e-06 1.7506563211022563 False 0.0 0.0 9000000.0 1.4088835686069508e+16 False
1.02994 0.600838 0.0490874 0.0151671 389.647 -368.734 -125.934 -2.19591e-10 25 6.9998158 0.0004304024304251202 6.52795670250084e-06 1.780577821012724 False 0.0 0.0 9000000.0 1.432963628789974e+16 False
1.01558 0.596066 0.0490874 0.0149556 407.199 -385.744 -130.432 -2.52264e-10 25 7.014982900000001 0.0004118502643863487 6.159467814056476e-06 1.8115205354302875 False 0.0 0.0 9000000.0 1.4578655363691578e+16 False
1.0014 0.591337 0.0490874 0.0147469 424.845 -402.868 -134.871 -2.53173e-10 25 7.029938500000001 0.0003947440026547489 5.821250332749317e-06 1.843526119066998 False 0.0 0.0 9000000.0 1.4836228139946406e+16 False
1.0 0.590866 0.0490874 0.00145985 426.619 -404.593 -135.308 -2.53522e-10 25 7.0446854000000005 0.00039310254772491804 5.738707542962215e-07 1.846734788360499 False 0.0 0.0 9000000.0 1.4862050692267016e+16 False
1.0 2.55254 4.95782 0.0147262 428.777 406.463 -136.52 -2.33141e-10 26 0.0 0.00039112409436107073 5.7597716383799994e-06 1.8292674344500002 False 0.0 0.0 9000000.0 1.4721477881859264e+16 False
1.01395 2.54787 4.95782 0.0149317 411.25 389.461 -132.085 -2.40266e-10 26 0.014726199999999998 0.0004077933515084664 6.089047986718967e-06 1.7979744023735185 False 0.0 0.0 9000000.0 1.446963953887321e+16 False
1.02809 2.54315 4.95782 0.0151398 393.816 372.573 -127.593 -2.15702e-10 26 0.0296579 0.0004258461205432406 6.4472250958005545e-06 1.7677078414566865 False 0.0 0.0 9000000.0 1.4226061974048166e+16 False
1.0424 2.53839 4.95782 0.0153506 376.476 355.801 -123.045 -1.59081e-10 26 0.044797699999999996 0.0004454600447514764 6.838078962962014e-06 1.7384276468660733 False 0.0 0.0 9000000.0 1.3990422433910696e+16 False
1.0569 2.53359 4.95782 0.0155642 360.248 340.101 -118.783 -1.10244e-10 26 0.0601483 0.0004655265700513447 7.245548641593139e-06 1.71009705317948 False 0.0 0.0 9000000.0 1.376242503971747e+16 False
1.07159 2.52875 4.95782 0.0157804 345.331 325.661 -114.884 -9.56795e-11 26 0.07571249999999999 0.00048563556647928166 7.663523493269657e-06 1.682681106647997 False 0.0 0.0 9000000.0 1.354178849260985e+16 False
1.08646 2.52386 4.95782 0.0159995 330.493 311.318 -110.934 -7.36308e-11 26 0.0914929 0.0005074389345851707 8.118769233895439e-06 1.6561453407158087 False 0.0 0.0 9000000.0 1.3328235414534988e+16 False
1.10152 2.51893 4.95782 0.0162213 315.734 297.075 -106.932 -4.40098e-11 26 0.1074924 0.0005311591903559859 8.616092574521554e-06 1.6304574978659374 False 0.0 0.0 9000000.0 1.3121506205221338e+16 False
1.11678 2.51395 4.95782 0.0164459 302.758 284.53 -103.467 -3.5504e-11 26 0.1237137 0.0005539243085495902 9.109783785975704e-06 1.6055874594818356 False 0.0 0.0 9000000.0 1.2921358477722638e+16 False
1.13222 2.50893 4.95782 0.0166734 290.057 272.264 -100.028 -2.84099e-11 26 0.1401596 0.0005781795157774397 9.640218338363564e-06 1.5815052214638885 False 0.0 0.0 9000000.0 1.2727550766695698e+16 False
1.14786 2.50387 4.95782 0.0169037 277.425 260.085 -96.5429 -1.95592e-11 26 0.15683299999999997 0.0006045057792479294 1.0218384340673224e-05 1.5581830667576901 False 0.0 0.0 9000000.0 1.2539860012354012e+16 False
1.1637 2.49875 4.95782 0.0171369 265.318 248.42 -93.1734 -1.38133e-11 26 0.1737367 0.000632090607527031 1.0832073532129979e-05 1.535594441927576 False 0.0 0.0 9000000.0 1.2358072519418008e+16 False
1.17974 2.49359 4.95782 0.0173731 254.386 237.874 -90.1562 -1.28892e-11 26 0.19087359999999998 0.0006592541091406635 1.145328756351166e-05 1.513713972609488 False 0.0 0.0 9000000.0 1.2181984081475756e+16 False
1.19597 2.48839 4.95782 0.0176121 243.519 227.409 -87.1008 -1.06071e-11 26 0.20824669999999998 0.0006886732279939422 1.2128981758752109e-05 1.4925170751235506 False 0.0 0.0 9000000.0 1.2011396855340016e+16 False
1.21241 2.48313 4.95782 0.0178542 232.718 217.027 -84.0069 -6.951e-12 26 0.22585879999999997 0.000720636202648084 1.2866382889319422e-05 1.4719806317026782 False 0.0 0.0 9000000.0 1.1846124795115904e+16 False
1.22905 2.47783 4.95782 0.0180992 222.988 207.661 -81.243 -5.26394e-12 26 0.243713 0.0007520809003527402 1.3612062631664315e-05 1.4520827039122228 False 0.0 0.0 9000000.0 1.1685991345875282e+16 False
1.24589 2.47247 4.95782 0.0183472 213.695 198.721 -78.5846 -4.38729e-12 26 0.2618122 0.0007847868027228378 1.4398640426916451e-05 1.432801966264359 False 0.0 0.0 9000000.0 1.153082488552975e+16 False
1.26294 2.46707 4.95782 0.0185983 204.461 189.854 -75.8926 -3.19663e-12 26 0.2801594 0.0008202298521862694 1.5254880859915895e-05 1.4141183044413483 False 0.0 0.0 9000000.0 1.1380463539178944e+16 False
1.28019 2.46161 4.95782 0.0188524 195.422 181.187 -73.2182 -1.85225e-12 26 0.2987577 0.0008581685573162531 1.6178536909948928e-05 1.3960122701303046 False 0.0 0.0 9000000.0 1.1234750791759724e+16 False
1.29766 2.45611 4.95782 0.0191096 187.478 173.552 -70.9062 -1.57455e-12 26 0.31761009999999995 0.0008945317093624682 1.7094143153233024e-05 1.3784658675858539 False 0.0 0.0 9000000.0 1.109354181810192e+16 False
1.31534 2.45055 4.95782 0.0193699 179.553 165.951 -68.5519 -1.33957e-12 26 0.3367197 0.0009340140003667821 1.809175778570453e-05 1.3614615433617838 False 0.0 0.0 9000000.0 1.0956695352546228e+16 False
1.33322 2.44494 4.95782 0.0196334 171.666 158.403 -66.1631 -9.7511e-13 26 0.35608959999999995 0.000976926216069908 1.918038317058693e-05 1.3449820520609435 False 0.0 0.0 9000000.0 1.0824072608533646e+16 False
1.35133 2.43927 4.95782 0.0198999 164.321 151.372 -63.9367 -6.82375e-13 26 0.37572300000000003 0.001020593933872462 2.0309717224668608e-05 1.3290119962370028 False 0.0 0.0 9000000.0 1.0695549671342186e+16 False
1.36964 2.43356 4.95782 0.0201696 157.538 144.874 -61.8861 -5.9426e-13 26 0.3956229 0.001064536910509571 2.1471283670213843e-05 1.3135357166085058 False 0.0 0.0 9000000.0 1.0571000519067528e+16 False
1.38817 2.42778 4.95782 0.0204426 150.805 138.437 -59.811 -4.60494e-13 26 0.41579250000000006 0.0011120653546490952 2.273350721894959e-05 1.2985387337645462 False 0.0 0.0 9000000.0 1.0450308625102688e+16 False
1.40692 2.42195 4.95782 0.0207187 144.12 132.06 -57.7111 -2.80542e-13 26 0.43623510000000004 0.0011636484582837692 2.410928331264393e-05 1.2840072640569185 False 0.0 0.0 9000000.0 1.0333363062161494e+16 False
1.42589 2.41607 4.95782 0.020998 138.19 126.391 -55.8743 -2.1982e-13 26 0.4569538 0.0012135828627820886 2.5482812952698294e-05 1.2699279642281898 False 0.0 0.0 9000000.0 1.0220056447110418e+16 False
1.44508 2.41012 4.95782 0.0212805 132.443 120.902 -54.0728 -1.78494e-13 26 0.47795180000000004 0.0012662429558969277 2.694628322296457e-05 1.256288396065698 False 0.0 0.0 9000000.0 1.011028868038548e+16 False
1.46448 2.40412 4.95782 0.0215663 126.732 115.461 -52.2468 -1.2934e-13 26 0.49923229999999996 0.0013233044204136036 2.85387801219659e-05 1.2430760958455738 False 0.0 0.0 9000000.0 1.0003959457115004e+16 False
1.48411 2.39806 4.95782 0.0218554 121.15 110.153 -50.4353 -8.20487e-14 26 0.5207985999999999 0.0013842758217734775 3.025390179518806e-05 1.2302795988213893 False 0.0 0.0 9000000.0 9900976511943048.0 False
1.50396 2.39194 4.95782 0.0221477 116.214 105.444 -48.8584 -7.41512e-14 26 0.5426539999999999 0.0014430706782991448 3.196069646176597e-05 1.2178881851870915 False 0.0 0.0 9000000.0 9801253574603856.0 False
1.52404 2.38576 4.95782 0.0224433 111.318 100.786 -47.2641 -6.07785e-14 26 0.5648017 0.0015065399648561493 3.3811728393256015e-05 1.2058912908915664 False 0.0 0.0 9000000.0 9704705628307704.0 False
1.54433 2.37952 4.95782 0.0227422 106.463 96.1785 -45.652 -4.18676e-14 26 0.5872449999999999 0.0015752422513723718 3.5824474329160755e-05 1.1942786576103563 False 0.0 0.0 9000000.0 9611250116675050.0 False
1.56486 2.37321 4.95782 0.0230444 101.925 91.87 -44.1427 -2.76678e-14 26 0.6099872 0.0016453766574231722 3.7916717844322546e-05 1.1830411618047307 False 0.0 0.0 9000000.0 9520813615792530.0 False
1.5856 2.36685 4.95782 0.0233499 97.7532 87.9041 -42.7617 -2.33755e-14 26 0.6330315999999999 0.001715596172891085 4.0058999077389546e-05 1.1721694506812763 False 0.0 0.0 9000000.0 9433320856763548.0 False
1.60658 2.36042 4.95782 0.0236588 93.6175 83.983 -41.3655 -1.78456e-14 26 0.6563815000000001 0.0017913853265453233 4.23820271636705e-05 1.1616550836276551 False 0.0 0.0 9000000.0 9348703911692214.0 False
1.62777 2.35392 4.95782 0.0239709 89.5082 80.0984 -39.9495 -1.13498e-14 26 0.6800403 0.0018736273973541733 4.491253497923715e-05 1.1514896049440682 False 0.0 0.0 9000000.0 9266894731262600.0 False
1.6492 2.34736 4.95782 0.0242864 85.785 76.571 -38.6775 -8.76739e-15 26 0.7040112 0.0019549456875660874 4.747859294650503e-05 1.1416654595295501 False 0.0 0.0 9000000.0 9187832513948552.0 False
1.67085 2.34073 4.95782 0.0246053 82.2386 73.2126 -37.4579 -7.49546e-15 26 0.7282976 0.0020392494012283382 5.017634329204363e-05 1.132175137470186 False 0.0 0.0 9000000.0 9111456821877778.0 False
1.69272 2.33403 4.95782 0.0249274 78.726 69.896 -36.2261 -5.67584e-15 26 0.7529029 0.002130236717321556 5.3101262747361356e-05 1.123011504172829 False 0.0 0.0 9000000.0 9037710237663824.0 False
1.71482 2.32726 4.95782 0.0252529 75.2475 66.6217 -34.9819 -3.3024e-15 26 0.7778303000000002 0.002228712127417613 5.628144448246424e-05 1.1141678502187713 False 0.0 0.0 9000000.0 8966538765615713.0 False
1.73715 2.32042 4.95782 0.0255816 72.2095 63.7476 -33.9183 -2.7805e-15 26 0.8030832000000001 0.002322478563178762 5.9412717611813817e-05 1.1056380843269833 False 0.0 0.0 9000000.0 8897893384656887.0 False
