corona_lab/tests/data/process_fieldlines_ex.ecsv
# %ECSV 1.0
# ---
# datatype:
# - {name: radius, unit: 6.957e+08 m, datatype: float64}
# - {name: theta, unit: rad, datatype: float64}
# - {name: phi, unit: rad, datatype: float64}
# - {name: ds, unit: 6.957e+08 m, datatype: float64}
# - {name: Bmag, unit: G, datatype: float64}
# - {name: Brad, unit: G, datatype: float64}
# - {name: Btheta, unit: G, datatype: float64}
# - {name: Bphi, unit: G, datatype: float64}
# - {name: line_num, datatype: int64}
# - {name: s_pos, unit: 6.957e+08 m, datatype: float64}
# - {name: dA_c, unit: 4.83998e+17 m2, datatype: float64}
# - {name: dV, unit: 3.36718e+26 m3, datatype: float64}
# - {name: pressure, unit: Pa, datatype: float64}
# - {name: proms, datatype: bool}
# - {name: Rhoprom, unit: kg / m3, datatype: float64}
# - {name: Mprom, unit: 3.36718e+26 kg, datatype: float64}
# - {name: temperature, unit: K, datatype: float64}
# - {name: ndens, unit: 1 / m3, datatype: float64}
# - {name: wind, datatype: bool}
# meta: !!omap
# - Radius: !astropy.units.Quantity
#     unit: &id001 !astropy.units.Unit {unit: m}
#     value: 695700000.0
# - Source Surface Radius: !astropy.units.Quantity
#     unit: *id001
#     value: 6031575196.790503
# - {nrad: 45}
# - Corona Temperature: !astropy.units.Quantity
#     unit: &id002 !astropy.units.Unit {unit: K}
#     value: 9000000.0
# - Prominence Temperature: !astropy.units.Quantity
#     unit: *id002
#     value: 8500.0
# - {Ratio Exponent: 5.0}
# - Total Prominence Mass: !astropy.units.Quantity
#     unit: &id004 !astropy.units.Unit {unit: 3.36718e+26 kg}
#     value: 2.124167972629168e-11
# - {UID: a74106a617e7d7e0eca21128928042a6}
# - Phase: !astropy.units.Quantity
#     unit: !astropy.units.Unit {unit: deg}
#     value: 0.0
# - Distance: !astropy.units.Quantity
#     unit: !astropy.units.Unit {unit: pc}
#     value: 14.0
# - __serialized_columns__:
#     Bmag:
#       __class__: astropy.units.quantity.Quantity
#       unit: &id003 !astropy.units.Unit {unit: G}
#       value: !astropy.table.SerializedColumn {name: Bmag}
#     Bphi:
#       __class__: astropy.units.quantity.Quantity
#       unit: *id003
#       value: !astropy.table.SerializedColumn {name: Bphi}
#     Brad:
#       __class__: astropy.units.quantity.Quantity
#       unit: *id003
#       value: !astropy.table.SerializedColumn {name: Brad}
#     Btheta:
#       __class__: astropy.units.quantity.Quantity
#       unit: *id003
#       value: !astropy.table.SerializedColumn {name: Btheta}
#     Mprom:
#       __class__: astropy.units.quantity.Quantity
#       unit: *id004
#       value: !astropy.table.SerializedColumn {name: Mprom}
#     Rhoprom:
#       __class__: astropy.units.quantity.Quantity
#       unit: !astropy.units.Unit {unit: kg / m3}
#       value: !astropy.table.SerializedColumn {name: Rhoprom}
#     dA_c:
#       __class__: astropy.units.quantity.Quantity
#       unit: !astropy.units.Unit {unit: 4.83998e+17 m2}
#       value: !astropy.table.SerializedColumn {name: dA_c}
#     dV:
#       __class__: astropy.units.quantity.Quantity
#       unit: !astropy.units.Unit {unit: 3.36718e+26 m3}
#       value: !astropy.table.SerializedColumn {name: dV}
#     ds:
#       __class__: astropy.units.quantity.Quantity
#       unit: !astropy.units.Unit {unit: 6.957e+08 m}
#       value: !astropy.table.SerializedColumn {name: ds}
#     ndens:
#       __class__: astropy.units.quantity.Quantity
#       unit: !astropy.units.Unit {unit: 1 / m3}
#       value: !astropy.table.SerializedColumn {name: ndens}
#     phi:
#       __class__: astropy.units.quantity.Quantity
#       unit: &id005 !astropy.units.Unit {unit: rad}
#       value: !astropy.table.SerializedColumn {name: phi}
#     pressure:
#       __class__: astropy.units.quantity.Quantity
#       unit: !astropy.units.Unit {unit: Pa}
#       value: !astropy.table.SerializedColumn {name: pressure}
#     radius:
#       __class__: astropy.units.quantity.Quantity
#       unit: !astropy.units.Unit {unit: 6.957e+08 m}
#       value: !astropy.table.SerializedColumn {name: radius}
#     s_pos:
#       __class__: astropy.units.quantity.Quantity
#       unit: !astropy.units.Unit {unit: 6.957e+08 m}
#       value: !astropy.table.SerializedColumn {name: s_pos}
#     temperature:
#       __class__: astropy.units.quantity.Quantity
#       unit: *id002
#       value: !astropy.table.SerializedColumn {name: temperature}
#     theta:
#       __class__: astropy.units.quantity.Quantity
#       unit: *id005
#       value: !astropy.table.SerializedColumn {name: theta}
# schema: astropy-2.0
radius theta phi ds Bmag Brad Btheta Bphi line_num s_pos dA_c dV pressure proms Rhoprom Mprom temperature ndens wind
[from data line 3001]
2.0791 2.11122 3.58337 0.0306172 36.3166 28.1104 -22.9935 -3.73508e-17 27 1.2429619 0.005473451268541478 0.00016758175217918814 0.979680717070306 False 0.0 0.0 9000000.0 7884220609858970.0 False
2.1027 2.10189 3.58337 0.0309648 34.8625 26.7611 -22.3436 -2.09094e-17 27 1.2735790999999999 0.005701746585560802 0.00017655344267257313 0.9762503997468589 False 0.0 0.0 9000000.0 7856614290709649.0 False
2.12637 2.09245 3.58337 0.0313133 33.5032 25.4939 -21.7377 -1.37671e-17 27 1.3045438999999999 0.005933079238374646 0.00018578429011499684 0.9730463263846558 False 0.0 0.0 9000000.0 7830828725272243.0 False
2.15008 2.08289 3.58337 0.0316626 32.1703 24.2564 -21.1319 -7.84339e-18 27 1.3358572 0.006178902289972847 0.00019564011164649426 0.9700651688740841 False 0.0 0.0 9000000.0 7806837129769196.0 False
2.17385 2.07321 3.58337 0.0320125 30.864 23.0489 -20.5264 -3.14514e-18 27 1.3675198000000002 0.006440420565678896 0.00020617396335879566 0.9673038027116607 False 0.0 0.0 9000000.0 7784614358993171.0 False
2.19763 2.06341 3.58337 0.0323628 29.6108 21.891 -19.9395 4.98486e-20 27 1.3995323000000002 0.00671299459450989 0.00021725130146320464 0.9647588028976809 False 0.0 0.0 9000000.0 7764132849419857.0 False
2.22143 2.05349 3.58337 0.0327133 28.4882 20.8379 -19.4257 1.94962e-18 27 1.4318951000000002 0.006977525443485845 0.0002282578830903855 0.9624270598696585 False 0.0 0.0 9000000.0 7745367576083248.0 False
2.24523 2.04343 3.58337 0.0330637 27.3876 19.8096 -18.912 3.31863e-18 27 1.4646084000000001 0.007257924766650362 0.0002399738471070976 0.9603051189232281 False 0.0 0.0 9000000.0 7728290736403500.0 False
2.269 2.03326 3.58337 0.0334138 26.3118 18.808 -18.4003 3.99082e-18 27 1.4976721000000002 0.007554676621862185 0.00025243045370757866 0.9583892883976733 False 0.0 0.0 9000000.0 7712872620836475.0 False
2.29274 2.02295 3.58337 0.0337634 25.261 17.8336 -17.8908 3.96556e-18 27 1.5310859 0.007868933943197556 0.00026568196429775637 0.9566757827078021 False 0.0 0.0 9000000.0 7699082763957804.0 False
2.31642 2.0125 3.58337 0.0341122 24.2962 16.9281 -17.4283 3.74884e-18 27 1.5648492999999999 0.008181408629296493 0.00027908584744428785 0.9551607358517066 False 0.0 0.0 9000000.0 7686890053169894.0 False
2.34003 2.00193 3.58337 0.0344598 23.3939 16.0737 -16.9974 3.8331e-18 27 1.5989615000000001 0.008496964607829966 0.00029280370099289904 0.9538400797419753 False 0.0 0.0 9000000.0 7676261749542547.0 False
2.36353 1.99121 3.58337 0.0348059 22.5148 15.2431 -16.57 3.77285e-18 27 1.6334213 0.008828732226762549 0.0003072919710114746 0.9527092515131804 False 0.0 0.0 9000000.0 7667161132298251.0 False
2.38692 1.98036 3.58337 0.0351503 21.6591 14.4362 -16.1465 3.56888e-18 27 1.6682272000000002 0.009177534631591962 0.000322593095560847 0.9517635456235312 False 0.0 0.0 9000000.0 7659550332436501.0 False
2.41015 1.96936 3.58337 0.0354925 20.8269 13.6533 -15.7273 3.22217e-18 27 1.7033775000000002 0.009544250000677655 0.0003387492931490517 0.9509977243505894 False 0.0 0.0 9000000.0 7653387198102642.0 False
2.43322 1.95822 3.58337 0.0358321 20.0647 12.9235 -15.3485 2.82783e-18 27 1.73887 0.009906808491485716 0.0003549817525477653 0.9504064663582065 False 0.0 0.0 9000000.0 7648628904540195.0 False
2.45609 1.94694 3.58337 0.0361689 19.3539 12.2333 -14.9973 2.4493e-18 27 1.7747020999999998 0.0102706503773975 0.0003714781264350524 0.9499839488241748 False 0.0 0.0 9000000.0 7645228591160749.0 False
2.47872 1.93551 3.58337 0.0365022 18.665 11.5637 -14.6514 2.05372e-18 27 1.810871 0.010649726243724268 0.00038873843729367194 0.9497237330725312 False 0.0 0.0 9000000.0 7643134441141900.0 False
2.5011 1.92393 3.58337 0.0368318 17.9983 10.9147 -14.3112 1.64185e-18 27 1.8473731999999998 0.011044217528272861 0.00040677841115784036 0.9496189887434293 False 0.0 0.0 9000000.0 7642291485489225.0 False
2.52319 1.91219 3.58337 0.037157 17.3522 10.2852 -13.9755 1.21598e-18 27 1.884205 0.011455443133384438 0.0004256499005071656 0.9496622774188583 False 0.0 0.0 9000000.0 7642639861711237.0 False
2.54495 1.90031 3.58337 0.0374775 16.7318 9.67772 -13.649 8.56626e-19 27 1.921362 0.011880200596416013 0.0004452402178521811 0.9498456618567164 False 0.0 0.0 9000000.0 7644115692907356.0 False
2.56635 1.88827 3.58337 0.0377926 16.1864 9.11892 -13.3733 7.75359e-19 27 1.9588395 0.012280503406508764 0.00046411215304082316 0.9501607462834323 False 0.0 0.0 9000000.0 7646651412032652.0 False
2.58734 1.87608 3.58337 0.0381018 15.6621 8.57737 -13.1046 6.70073e-19 27 1.9966321000000002 0.012691602041815174 0.0004835728826768334 0.9505982988997282 False 0.0 0.0 9000000.0 7650172723920483.0 False
2.6079 1.86373 3.58337 0.0384045 15.1579 8.05232 -12.8422 5.42625e-19 27 2.0347339000000004 0.013113765121759179 0.0005036275926186004 0.9511484933009461 False 0.0 0.0 9000000.0 7654600548171717.0 False
2.62798 1.85122 3.58337 0.0387001 14.6675 7.54008 -12.5811 3.96836e-19 27 2.0731384000000004 0.01355221682898336 0.000524472146503339 0.9518008394980909 False 0.0 0.0 9000000.0 7659850464029685.0 False
2.64753 1.83856 3.58337 0.0389881 14.1994 7.04476 -12.3286 2.25244e-19 27 2.1118384999999997 0.013998981670994087 0.0005457936972868845 0.9525441892504781 False 0.0 0.0 9000000.0 7665832753295958.0 False
2.66651 1.82575 3.58337 0.0392676 13.7539 6.56612 -12.0854 2.92805e-20 27 2.1508266000000003 0.014452420065516941 0.000567511850164693 0.9533667753988172 False 0.0 0.0 9000000.0 7672452716872984.0 False
2.68487 1.81277 3.58337 0.039538 13.3652 6.11876 -11.8823 0.0 27 2.1900942000000003 0.014872739677604035 0.0005880383813731083 0.9542561708877626 False 0.0 0.0 9000000.0 7679610344988017.0 False
2.70258 1.79965 3.58337 0.0397987 12.9973 5.68468 -11.6882 0.0 27 2.2296322 0.015293725646027519 0.0006086703988685554 0.9551994834746478 False 0.0 0.0 9000000.0 7687201884159372.0 False
2.71956 1.78638 3.58337 0.0400489 12.6509 5.26367 -11.5038 0.0 27 2.2694309 0.015712490047278333 0.0006292679426544453 0.9561831162423414 False 0.0 0.0 9000000.0 7695117909864945.0 False
2.73579 1.77295 3.58337 0.0402878 12.3262 4.85533 -11.3297 0.0 27 2.3094798 0.016126392589696212 0.000649696879375163 0.9571930826212737 False 0.0 0.0 9000000.0 7703245861759164.0 False
2.7512 1.75939 3.58337 0.0405147 12.0191 4.45745 -11.162 0.0 27 2.3497676000000003 0.016538438014419836 0.0006700498546228154 0.9582150661870265 False 0.0 0.0 9000000.0 7711470524908748.0 False
2.76574 1.74568 3.58337 0.0407289 11.7313 4.07002 -11.0026 0.0 27 2.3902823000000004 0.016944169899253576 0.0006901174014097089 0.9592344462724243 False 0.0 0.0 9000000.0 7719674235912275.0 False
2.77937 1.73184 3.58337 0.0409296 11.4664 3.69378 -10.8552 0.0 27 2.4310112 0.017335618881175734 0.0007095399465589702 0.9602366310266209 False 0.0 0.0 9000000.0 7727739563274798.0 False
2.79204 1.71787 3.58337 0.0411161 11.2249 3.32808 -10.7201 0.0 27 2.4719408000000005 0.017708588970869535 0.0007281081149851689 0.9612070457802832 False 0.0 0.0 9000000.0 7735549213773805.0 False
2.80369 1.70378 3.58337 0.0412877 11.0 2.97018 -10.5914 0.0 27 2.5130569000000005 0.018070649121737586 0.0007460955397435648 0.9621314201124436 False 0.0 0.0 9000000.0 7742988342700051.0 False
2.81428 1.68957 3.58337 0.0414436 10.8176 2.62561 -10.4941 0.0 27 2.5543446000000003 0.018375345764228057 0.0007615404797143619 0.9629959066669088 True 3.282414380083241e-10 2.499691421629911e-13 8500.0 3.922736690144856e+17 False
2.82376 1.67526 3.58337 0.0415833 10.6576 2.28792 -10.4091 0.0 27 2.5957882000000003 0.0186512104356622 0.0007755788789092718 0.963787422814077 True 3.2851122980759824e-10 2.547863713232832e-13 8500.0 3.9259609088667046e+17 False
2.83209 1.66086 3.58337 0.041706 10.5159 1.95554 -10.3325 0.0 27 2.6373715 0.018902532388013718 0.0007883490157745001 0.964493830061868 True 3.287520118599716e-10 2.591713249836954e-13 8500.0 3.9288384388851706e+17 False
2.83924 1.64637 3.58337 0.0418112 10.3939 1.62789 -10.2657 0.0 27 2.6790775 0.019124403769433366 0.0007996142708845324 0.9651040826845854 True 3.289600191807113e-10 2.630411258873463e-13 8500.0 3.931324285747881e+17 False
2.84516 1.63181 3.58337 0.0418985 10.2952 1.30481 -10.2122 0.0 27 2.7208887 0.01930774927530436 0.0008089657330113398 0.9656085462190503 True 3.2913196782019066e-10 2.6625648360512523e-13 8500.0 3.93337920374056e+17 False
2.84984 1.61719 3.58337 0.0419674 10.2185 0.985303 -10.1709 0.0 27 2.7627872 0.019452673126105928 0.000816378114152538 0.9659991903881756 True 3.292651206227473e-10 2.6880483823020635e-13 8500.0 3.934970481755773e+17 False
2.85325 1.60252 3.58337 0.0420175 10.1594 0.668035 -10.1374 0.0 27 2.8047546000000003 0.019565834629910572 0.0008221074565622675 0.9662697041869952 True 3.2935732645426837e-10 2.7076711395146697e-13 8500.0 3.936072412092624e+17 False
2.85536 1.58782 3.58337 0.0420486 10.124 0.352677 -10.1179 0.0 27 2.8467721000000004 0.01963424934206968 0.0008255926968849512 0.9664157212063655 True 3.2940709700477643e-10 2.719560935892161e-13 8500.0 3.936667208306506e+17 False
2.85617 1.5731 3.58337 0.0420606 10.1125 0.0382973 -10.1124 0.0 27 2.8888207000000006 0.01965657753662432 0.0008267674451369408 0.9664348712170155 True 3.2941362437108204e-10 2.723484606145794e-13 8500.0 3.936745215335273e+17 False
2.85568 1.55837 3.58337 0.0420533 10.1187 -0.276003 -10.115 0.0 27 2.9308813000000007 0.01964453342218995 0.0008261174573633806 0.9663268226605717 True 3.293767955400389e-10 2.7210392084603504e-13 8500.0 3.936305082585232e+17 False
2.85388 1.54366 3.58337 0.0420268 10.1477 -0.591202 -10.1304 0.0 27 2.9729346000000003 0.01958839346247065 0.0008232374943685616 0.9660934240606684 True 3.292972405891497e-10 2.71089835245093e-13 8500.0 3.93535433996532e+17 False
2.85078 1.52897 3.58337 0.0419812 10.2005 -0.908242 -10.1599 0.0 27 3.0149614000000007 0.01948699969012435 0.0008180876313910485 0.9657384695597397 True 3.2917625276873873e-10 2.6929502093775855e-13 8500.0 3.933908442807829e+17 False
2.8464 1.51431 3.58337 0.0419167 10.2733 -1.22764 -10.1996 0.0 27 3.0569426 0.019348908368208212 0.0008110423873976732 0.9652676803117816 True 3.2901578215959196e-10 2.6684574545422823e-13 8500.0 3.931990696072349e+17 False
2.84076 1.4997 3.58337 0.0418337 10.366 -1.5503 -10.2494 0.0 27 3.0988593 0.019175876937981232 0.0008021978830604255 0.9646886269567143 True 3.2881840924799915e-10 2.6377743181004156e-13 8500.0 3.9296319385472666e+17 False
2.83388 1.48516 3.58337 0.0417324 10.4821 -1.87749 -10.3126 0.0 27 3.140693 0.0189634844486423 0.0007913917184045199 0.9640106007799415 True 3.2858730100991584e-10 2.600412687921405e-13 8500.0 3.92687001802186e+17 False
2.8258 1.4707 3.58337 0.0416133 10.6204 -2.20984 -10.388 0.0 27 3.1824254 0.018716539898602072 0.0007788569897624976 0.9632443248401223 True 3.2832611244758027e-10 2.5571908760134565e-13 8500.0 3.923748614573421e+17 False
2.81655 1.45632 3.58337 0.0414771 10.7751 -2.54698 -10.4698 0.0 27 3.2240387 0.018447823253530216 0.0007651622098689982 0.9624016950813304 False 0.0 0.0 9000000.0 7745163446734353.0 False
2.80617 1.44203 3.58337 0.0413243 10.9524 -2.89102 -10.564 0.0 27 3.2655157999999997 0.018149185597596273 0.0007500023903907477 0.9614956251973003 False 0.0 0.0 9000000.0 7737871627339350.0 False
2.7947 1.42786 3.58337 0.0411554 11.1677 -3.24702 -10.6853 0.0 27 3.3068401 0.017799290842260576 0.000732536934329571 0.9605399465288423 False 0.0 0.0 9000000.0 7730180569096629.0 False
2.7822 1.4138 3.58337 0.0409713 11.4067 -3.61261 -10.8196 0.0 27 3.3479954999999997 0.01742634945594374 0.0007139801914643078 0.9595488930960365 False 0.0 0.0 9000000.0 7722204823770370.0 False
2.7687 1.39986 3.58337 0.0407725 11.6671 -3.98812 -10.9643 0.0 27 3.3889667999999995 0.01703740778249209 0.0006946577088116588 0.9585371271475257 False 0.0 0.0 9000000.0 7714062389399040.0 False
2.75427 1.38605 3.58337 0.0405599 11.951 -4.37495 -11.1214 0.0 27 3.4297393 0.016632678465326203 0.0006746197752857842 0.9575193976475549 False 0.0 0.0 9000000.0 7705871961886160.0 False
2.73894 1.37238 3.58337 0.0403342 12.2566 -4.77322 -11.289 0.0 27 3.4702992 0.01621796749009623 0.0006541387443390394 0.9565104998938169 False 0.0 0.0 9000000.0 7697752610015023.0 False
2.72278 1.35885 3.58337 0.0400962 12.578 -5.18119 -11.4613 0.0 27 3.5106334 0.01580355703125405 0.0006336625834365686 0.9555249803379767 False 0.0 0.0 9000000.0 7689821399919544.0 False
2.70582 1.34547 3.58337 0.0398465 12.9216 -5.60202 -11.6441 0.0 27 3.5507295999999995 0.015383322525005684 0.000612971560992639 0.9545771631671028 False 0.0 0.0 9000000.0 7682193609004837.0 False
2.68813 1.33223 3.58337 0.039586 13.2871 -6.03614 -11.8369 0.0 27 3.5905761 0.014960159879816772 0.0005922128890024267 0.953680818817972 False 0.0 0.0 9000000.0 7674980058234866.0 False
2.66975 1.31914 3.58337 0.0393153 13.67 -6.48197 -12.0355 0.0 27 3.6301620999999993 0.01454112219013266 0.0005716885812417225 0.952849268980142 False 0.0 0.0 9000000.0 7668287957170399.0 False
2.65073 1.30621 3.58337 0.0390352 14.1124 -6.96011 -12.2767 1.95534e-19 27 3.6694773999999994 0.014085282470672136 0.0005498218182991809 0.9520952027850503 False 0.0 0.0 9000000.0 7662219424705742.0 False
2.63112 1.29343 3.58337 0.0387464 14.5793 -7.45591 -12.5286 3.73907e-19 27 3.7085125999999993 0.013634203311483642 0.0005282762951880698 0.9514307201401256 False 0.0 0.0 9000000.0 7656871837810620.0 False
2.61096 1.28081 3.58337 0.0384496 15.069 -7.96897 -12.7895 5.26397e-19 27 3.7472589999999992 0.013191130157217694 0.0005071936780929575 0.95086730406838 False 0.0 0.0 9000000.0 7652337608926269.0 False
2.5903 1.26834 3.58337 0.0381454 15.5751 -8.49627 -13.0536 6.57861e-19 27 3.785708599999999 0.012762495286650707 0.0004868304877074059 0.9504157382303955 False 0.0 0.0 9000000.0 7648703522203410.0 False
2.56919 1.25602 3.58337 0.0378344 16.0997 -9.03923 -13.3226 7.6863e-19 27 3.8238539999999994 0.01234663629378892 0.00046712757619372746 0.9500861164302822 False 0.0 0.0 9000000.0 7646050810003782.0 False
2.54765 1.24387 3.58337 0.0375173 16.6458 -9.59982 -13.5987 8.55155e-19 27 3.8616883999999994 0.011941579277602364 0.0004480158122315912 0.949888024131366 False 0.0 0.0 9000000.0 7644456613692111.0 False
2.52574 1.23186 3.58337 0.0371946 17.2595 -10.2049 -13.9194 2.08847e-18 27 3.8992056999999996 0.011516969804404151 0.00042836908508689066 0.9498301045846096 False 0.0 0.0 9000000.0 7643990491948267.0 False
2.50349 1.22001 3.58337 0.0368669 17.9095 -10.8382 -14.2578 3.70254e-18 27 3.936400299999999 0.01109897765650149 0.0004091848993644748 0.9499205341913437 False 0.0 0.0 9000000.0 7644718246365325.0 False
2.48093 1.20831 3.58337 0.0365347 18.5786 -11.4901 -14.5993 5.16776e-18 27 3.973267199999999 0.010699252922131561 0.00039089399573419997 0.9501669870620966 False 0.0 0.0 9000000.0 7646701636228055.0 False
2.4581 1.19676 3.58337 0.0361985 19.2703 -12.1631 -14.9466 6.47729e-18 27 4.009801899999999 0.01031520735739005 0.0003733950335264837 0.9505765746433983 False 0.0 0.0 9000000.0 7649997892644837.0 False
2.43503 1.18536 3.58337 0.0358588 19.9844 -12.8572 -15.2994 7.62735e-18 27 4.0460004 0.009946615376949693 0.00035667369147896367 0.9511558890036781 False 0.0 0.0 9000000.0 7654660066901532.0 False
2.41175 1.17411 3.58337 0.0355159 20.7462 -13.5885 -15.6766 9.98183e-18 27 4.081859199999999 0.00958137588276954 0.0003402911877148547 0.9519109451470644 False 0.0 0.0 9000000.0 7660736566217645.0 False
2.38829 1.163 3.58337 0.0351704 21.5832 -14.3764 -16.0982 1.46657e-17 27 4.117375099999999 0.0092098085705138 0.0003239126513483985 0.9528472818521565 False 0.0 0.0 9000000.0 7668271965271054.0 False
2.36467 1.15203 3.58337 0.0348227 22.4443 -15.1889 -16.5241 1.88203e-17 27 4.1525455 0.008856464239878877 0.00030840599728603016 0.9539702724025243 False 0.0 0.0 9000000.0 7677309506877838.0 False
2.34093 1.1412 3.58337 0.034473 23.3294 -16.0256 -16.954 2.2439e-17 27 4.187368199999999 0.008520456605789838 0.00029372570057139305 0.9552847727804317 False 0.0 0.0 9000000.0 7687888270745067.0 False
