corona_lab/tests/data/process_fieldlines_ex.ecsv
# %ECSV 1.0
# ---
# datatype:
# - {name: radius, unit: 6.957e+08 m, datatype: float64}
# - {name: theta, unit: rad, datatype: float64}
# - {name: phi, unit: rad, datatype: float64}
# - {name: ds, unit: 6.957e+08 m, datatype: float64}
# - {name: Bmag, unit: G, datatype: float64}
# - {name: Brad, unit: G, datatype: float64}
# - {name: Btheta, unit: G, datatype: float64}
# - {name: Bphi, unit: G, datatype: float64}
# - {name: line_num, datatype: int64}
# - {name: s_pos, unit: 6.957e+08 m, datatype: float64}
# - {name: dA_c, unit: 4.83998e+17 m2, datatype: float64}
# - {name: dV, unit: 3.36718e+26 m3, datatype: float64}
# - {name: pressure, unit: Pa, datatype: float64}
# - {name: proms, datatype: bool}
# - {name: Rhoprom, unit: kg / m3, datatype: float64}
# - {name: Mprom, unit: 3.36718e+26 kg, datatype: float64}
# - {name: temperature, unit: K, datatype: float64}
# - {name: ndens, unit: 1 / m3, datatype: float64}
# - {name: wind, datatype: bool}
# meta: !!omap
# - Radius: !astropy.units.Quantity
#     unit: &id001 !astropy.units.Unit {unit: m}
#     value: 695700000.0
# - Source Surface Radius: !astropy.units.Quantity
#     unit: *id001
#     value: 6031575196.790503
# - {nrad: 45}
# - Corona Temperature: !astropy.units.Quantity
#     unit: &id002 !astropy.units.Unit {unit: K}
#     value: 9000000.0
# - Prominence Temperature: !astropy.units.Quantity
#     unit: *id002
#     value: 8500.0
# - {Ratio Exponent: 5.0}
# - Total Prominence Mass: !astropy.units.Quantity
#     unit: &id004 !astropy.units.Unit {unit: 3.36718e+26 kg}
#     value: 2.124167972629168e-11
# - {UID: a74106a617e7d7e0eca21128928042a6}
# - Phase: !astropy.units.Quantity
#     unit: !astropy.units.Unit {unit: deg}
#     value: 0.0
# - Distance: !astropy.units.Quantity
#     unit: !astropy.units.Unit {unit: pc}
#     value: 14.0
# - __serialized_columns__:
#     Bmag:
#       __class__: astropy.units.quantity.Quantity
#       unit: &id003 !astropy.units.Unit {unit: G}
#       value: !astropy.table.SerializedColumn {name: Bmag}
#     Bphi:
#       __class__: astropy.units.quantity.Quantity
#       unit: *id003
#       value: !astropy.table.SerializedColumn {name: Bphi}
#     Brad:
#       __class__: astropy.units.quantity.Quantity
#       unit: *id003
#       value: !astropy.table.SerializedColumn {name: Brad}
#     Btheta:
#       __class__: astropy.units.quantity.Quantity
#       unit: *id003
#       value: !astropy.table.SerializedColumn {name: Btheta}
#     Mprom:
#       __class__: astropy.units.quantity.Quantity
#       unit: *id004
#       value: !astropy.table.SerializedColumn {name: Mprom}
#     Rhoprom:
#       __class__: astropy.units.quantity.Quantity
#       unit: !astropy.units.Unit {unit: kg / m3}
#       value: !astropy.table.SerializedColumn {name: Rhoprom}
#     dA_c:
#       __class__: astropy.units.quantity.Quantity
#       unit: !astropy.units.Unit {unit: 4.83998e+17 m2}
#       value: !astropy.table.SerializedColumn {name: dA_c}
#     dV:
#       __class__: astropy.units.quantity.Quantity
#       unit: !astropy.units.Unit {unit: 3.36718e+26 m3}
#       value: !astropy.table.SerializedColumn {name: dV}
#     ds:
#       __class__: astropy.units.quantity.Quantity
#       unit: !astropy.units.Unit {unit: 6.957e+08 m}
#       value: !astropy.table.SerializedColumn {name: ds}
#     ndens:
#       __class__: astropy.units.quantity.Quantity
#       unit: !astropy.units.Unit {unit: 1 / m3}
#       value: !astropy.table.SerializedColumn {name: ndens}
#     phi:
#       __class__: astropy.units.quantity.Quantity
#       unit: &id005 !astropy.units.Unit {unit: rad}
#       value: !astropy.table.SerializedColumn {name: phi}
#     pressure:
#       __class__: astropy.units.quantity.Quantity
#       unit: !astropy.units.Unit {unit: Pa}
#       value: !astropy.table.SerializedColumn {name: pressure}
#     radius:
#       __class__: astropy.units.quantity.Quantity
#       unit: !astropy.units.Unit {unit: 6.957e+08 m}
#       value: !astropy.table.SerializedColumn {name: radius}
#     s_pos:
#       __class__: astropy.units.quantity.Quantity
#       unit: !astropy.units.Unit {unit: 6.957e+08 m}
#       value: !astropy.table.SerializedColumn {name: s_pos}
#     temperature:
#       __class__: astropy.units.quantity.Quantity
#       unit: *id002
#       value: !astropy.table.SerializedColumn {name: temperature}
#     theta:
#       __class__: astropy.units.quantity.Quantity
#       unit: *id005
#       value: !astropy.table.SerializedColumn {name: theta}
# schema: astropy-2.0
radius theta phi ds Bmag Brad Btheta Bphi line_num s_pos dA_c dV pressure proms Rhoprom Mprom temperature ndens wind
[from data line 1424]
2.13723 1.37082 0.834486 0.0314733 26.1579 -10.0461 -24.1519 -4.60001e-16 18 2.4809136000000005 0.009929035191910456 0.00031249950330555537 0.9006576723987287 False 0.0 0.0 9000000.0 7248263295810148.0 False
2.12479 1.35726 0.834486 0.0312901 26.8177 -10.8982 -24.5035 -5.27261e-16 18 2.5123869000000005 0.009684749611132743 0.00030303678380730467 0.9017955686809184 False 0.0 0.0 9000000.0 7257420794945938.0 False
2.11173 1.34383 0.834486 0.0310979 27.5238 -11.7771 -24.8769 -5.99656e-16 18 2.543677 0.009436295484143705 0.0002934489733363525 0.9030568146600043 False 0.0 0.0 9000000.0 7267570980990375.0 False
2.0981 1.33056 0.834486 0.0308971 28.2754 -12.6836 -25.271 -6.77167e-16 18 2.5747749000000004 0.009185465445103324 0.0002838042444039019 0.9044482206287493 False 0.0 0.0 9000000.0 7278768661443110.0 False
2.08393 1.31743 0.834486 0.0306885 29.0872 -13.6257 -25.6984 -8.13026e-16 18 2.6056719999999998 0.008929106605189724 0.0002740208880533648 0.9059764611962824 False 0.0 0.0 9000000.0 7291067551856509.0 False
2.06926 1.30445 0.834486 0.0304724 30.0013 -14.626 -26.1946 -1.09627e-15 18 2.6363605 0.008657048516113453 0.00026380104520241557 0.9076480919880928 False 0.0 0.0 9000000.0 7304520410232939.0 False
2.05413 1.29162 0.834486 0.0302495 30.9637 -15.6616 -26.7108 -1.39045e-15 18 2.6668329 0.008387973971020084 0.000253732018636372 0.9094695374284895 False 0.0 0.0 9000000.0 7319178938701126.0 False
2.03856 1.27895 0.834486 0.0300202 31.9739 -16.7333 -27.2457 -1.6951e-15 18 2.6970823999999998 0.008122959965674333 0.0002438528827615366 0.9114471580072745 False 0.0 0.0 9000000.0 7335094324861186.0 False
2.02259 1.26643 0.834486 0.0297851 33.0155 -17.8332 -27.7849 -1.98539e-15 18 2.7271026000000003 0.007866690180263043 0.00023431015368815275 0.9135871086174197 False 0.0 0.0 9000000.0 7352316101722367.0 False
2.00626 1.25406 0.834486 0.0295446 34.0988 -18.9673 -28.3367 -2.27001e-15 18 2.7568877 0.0076167697879829955 0.00022503441667804243 0.9158953633096105 False 0.0 0.0 9000000.0 7370892346921310.0 False
1.9896 1.24185 0.834486 0.0292992 35.2274 -20.1383 -28.9036 -2.55386e-15 18 2.7864322999999995 0.007372747056168622 0.00021601559054809568 0.9183777614004157 False 0.0 0.0 9000000.0 7390870053788839.0 False
1.97263 1.2298 0.834486 0.0290494 36.5253 -21.4186 -29.5862 -3.68733e-15 18 2.8157314999999996 0.007110761845802075 0.0002065633651634428 0.9210398638416801 False 0.0 0.0 9000000.0 7412293975447457.0 False
1.95539 1.21789 0.834486 0.0287955 37.8672 -22.7396 -30.2793 -4.84862e-15 18 2.8447808999999995 0.0068587777719629275 0.0001975019353325585 0.9238871251684759 False 0.0 0.0 9000000.0 7435208008604616.0 False
1.9379 1.20614 0.834486 0.0285379 39.2529 -24.1019 -30.982 -5.96447e-15 18 2.8735763999999997 0.0066166502257533726 0.00018882530247752718 0.9269249993339125 False 0.0 0.0 9000000.0 7459656045284278.0 False
1.92019 1.19454 0.834486 0.0282771 40.6865 -25.5084 -31.6972 -7.04323e-15 18 2.9021142999999996 0.006383510738118898 0.00018050717149286187 0.930158798086649 False 0.0 0.0 9000000.0 7485680833085253.0 False
1.90229 1.18309 0.834486 0.0280135 42.1676 -26.959 -32.4241 -8.08293e-15 18 2.9303914 0.006159295517090717 0.0001725434249680208 0.9335936497375531 False 0.0 0.0 9000000.0 7513323643345774.0 False
1.88421 1.17179 0.834486 0.0277473 43.7707 -28.5021 -33.2191 -1.07595e-14 18 2.9584049 0.005933711584381208 0.00016464447544530067 0.9372345934694052 False 0.0 0.0 9000000.0 7542625030123958.0 False
1.86598 1.16063 0.834486 0.0274788 45.5085 -30.1493 -34.0888 -1.50568e-14 18 2.9861522000000003 0.005707125254545295 0.00015682495344459925 0.941086592219729 False 0.0 0.0 9000000.0 7573624933875533.0 False
1.84763 1.14962 0.834486 0.0272085 47.2975 -31.8479 -34.968 -1.91028e-14 18 3.0136309999999997 0.005491256612854264 0.00014940885555084525 0.9451545975080847 False 0.0 0.0 9000000.0 7606363203167372.0 False
1.82916 1.13875 0.834486 0.0269366 49.1369 -33.5976 -35.8558 -2.28923e-14 18 3.0408395 0.005285695875125914 0.00014237867550991672 0.9494436864255444 False 0.0 0.0 9000000.0 7640880697133855.0 False
1.81061 1.12802 0.834486 0.0266634 51.024 -35.3964 -36.7497 -2.64027e-14 18 3.0677760999999997 0.005090206758515101 0.00013572221888499155 0.9539587112726249 False 0.0 0.0 9000000.0 7677216465852290.0 False
1.79198 1.11743 0.834486 0.0263891 53.0679 -37.3207 -37.7276 -3.65774e-14 18 3.0944395 0.004894158420560725 0.000129152435976019 0.9587046081539644 False 0.0 0.0 9000000.0 7715410233834187.0 False
1.7733 1.10697 0.834486 0.026114 55.2723 -39.3765 -38.7881 -5.1469e-14 18 3.1208286 0.004698966926407523 0.00012270882231620606 0.9636862995790902 False 0.0 0.0 9000000.0 7755501616181071.0 False
1.75458 1.09665 0.834486 0.0258384 57.5308 -41.4904 -39.854 -6.50558e-14 18 3.1469426 0.004514498488574373 0.00011664741774718009 0.9689088881553435 False 0.0 0.0 9000000.0 7797531677375748.0 False
1.73584 1.08646 0.834486 0.0255623 59.8429 -43.6618 -40.9246 -7.73303e-14 18 3.172781 0.004340075592033049 0.0001109423143062264 0.9743774228782858 False 0.0 0.0 9000000.0 7841541050447094.0 False
1.71709 1.0764 0.834486 0.0252862 62.1974 -45.8824 -41.992 -8.81914e-14 18 3.1983433 0.004175780814736219 0.00010558962883758299 0.9800971409699677 False 0.0 0.0 9000000.0 7887571883222774.0 False
1.69833 1.06647 0.834486 0.02501 64.8704 -48.3568 -43.2411 -1.38993e-13 18 3.2236295 0.004003716789883745 0.00010013295691499247 0.9860733236995818 False 0.0 0.0 9000000.0 7935666678010621.0 False
1.6796 1.05666 0.834486 0.0247341 67.6199 -50.9099 -44.5043 -1.86837e-13 18 3.2486395 0.003840921232454862 9.50017298556618e-05 0.9923113317104446 False 0.0 0.0 9000000.0 7985868575901177.0 False
1.66088 1.04697 0.834486 0.0244585 70.4269 -53.5273 -45.7687 -2.28893e-13 18 3.2733735999999998 0.003687833905034504 9.019888556628642e-05 0.9988169502785145 False 0.0 0.0 9000000.0 8038224135320212.0 False
1.64221 1.03741 0.834486 0.0241835 73.2909 -56.2085 -47.0336 -2.65169e-13 18 3.2978320999999995 0.0035437238408380107 8.569964550490603e-05 1.0055958346393785 False 0.0 0.0 9000000.0 8092778868161748.0 False
1.62358 1.02797 0.834486 0.0239092 76.4074 -59.1036 -48.4237 -3.78978e-13 18 3.3220156 0.003399182666161583 8.127173820179052e-05 1.0126539149041767 False 0.0 0.0 9000000.0 8149580498448166.0 False
1.60501 1.01864 0.834486 0.0236358 79.7327 -62.1827 -49.9061 -5.43696e-13 18 3.3459247999999993 0.003257417717529628 7.699167368798678e-05 1.0199973213251234 False 0.0 0.0 9000000.0 8208678360886183.0 False
1.58651 1.00942 0.834486 0.0233632 83.1198 -65.333 -51.3857 -6.85706e-13 18 3.3695606 0.003124679193723692 7.300250493880536e-05 1.027632354794429 False 0.0 0.0 9000000.0 8270123163449693.0 False
1.56807 1.00032 0.834486 0.0230918 86.568 -68.5538 -52.8621 -8.05111e-13 18 3.3929237999999997 0.0030002161265880525 6.928039075194599e-05 1.0355658947219726 False 0.0 0.0 9000000.0 8333970269875274.0 False
1.54972 0.991333 0.834486 0.0228215 90.2233 -71.9606 -54.4235 -1.06127e-12 18 3.4160155999999993 0.002878665595766 6.569546689377378e-05 1.0438046302203141 False 0.0 0.0 9000000.0 8400273512435207.0 False
1.53146 0.982452 0.834486 0.0225525 94.2637 -75.6981 -56.1733 -1.59507e-12 18 3.4388370999999993 0.002755278114973999 6.21384096879511e-05 1.052355608860525 False 0.0 0.0 9000000.0 8469089608184468.0 False
1.51328 0.973677 0.834486 0.022285 98.3342 -79.4849 -57.8945 -2.06156e-12 18 3.4613895999999995 0.0026412246161200735 5.8859690570235835e-05 1.0612265756055428 False 0.0 0.0 9000000.0 8540480886609950.0 False
1.49521 0.965007 0.834486 0.0220189 102.467 -83.3463 -59.6061 -2.45133e-12 18 3.4836746 0.002534696142626158 5.581122089487112e-05 1.0704251792039674 False 0.0 0.0 9000000.0 8614508902890093.0 False
1.47725 0.956441 0.834486 0.0217543 106.783 -87.3803 -61.3779 -3.10574e-12 18 3.5056934999999996 0.002432247732752166 5.2911846852610445e-05 1.079959423381135 False 0.0 0.0 9000000.0 8691238068965592.0 False
1.4594 0.947975 0.834486 0.0214914 111.619 -91.8649 -63.3999 -4.83459e-12 18 3.5274478 0.0023268682719472 5.000765677972606e-05 1.0898377415438492 False 0.0 0.0 9000000.0 8770736254744037.0 False
1.44166 0.939609 0.834486 0.0212302 116.528 -96.4375 -65.4112 -6.23199e-12 18 3.5489392 0.002228843794165132 4.7318799518884586e-05 1.1000691838304164 False 0.0 0.0 9000000.0 8853076293430894.0 False
1.42404 0.931341 0.834486 0.0209708 121.503 -101.09 -67.4075 -7.3333e-12 18 3.5701693999999997 0.0021375826905218353 4.482681908639531e-05 1.1106629315575454 False 0.0 0.0 9000000.0 8938332073921960.0 False
1.40655 0.923168 0.834486 0.0207132 126.645 -105.908 -69.4445 -9.35991e-12 18 3.5911402000000003 0.0020507932381576416 4.247849050060686e-05 1.1216286354303826 False 0.0 0.0 9000000.0 9026581262631500.0 False
1.38919 0.91509 0.834486 0.0204575 132.413 -111.276 -71.7701 -1.48012e-11 18 3.6118533999999998 0.001961459295133216 4.0126553530187765e-05 1.1329762535676153 False 0.0 0.0 9000000.0 9117903999959562.0 False
1.37195 0.907105 0.834486 0.0202037 138.26 -116.739 -74.0798 -1.92154e-11 18 3.6323109 0.001878509400017898 3.795284036514161e-05 1.1447165438081541 False 0.0 0.0 9000000.0 9212386862250644.0 False
1.35486 0.89921 0.834486 0.0199519 144.186 -122.297 -76.3733 -2.2612e-11 18 3.6525146 0.0018013032447427248 3.593942220878237e-05 1.1568603072934336 False 0.0 0.0 9000000.0 9310116774336912.0 False
1.33789 0.891406 0.834486 0.0197021 150.414 -128.14 -78.7689 -2.92635e-11 18 3.6724665 0.001726718986573554 3.401999014537082e-05 1.1694195688339586 False 0.0 0.0 9000000.0 9411190508827198.0 False
1.32107 0.883689 0.834486 0.0194544 157.332 -134.599 -81.4637 -4.41894e-11 18 3.6921686000000005 0.0016507939239727109 3.211520531453471e-05 1.1824060689760953 False 0.0 0.0 9000000.0 9515702550645024.0 False
1.3044 0.876059 0.834486 0.0192088 164.278 -141.114 -84.1073 -5.74866e-11 18 3.7116230000000003 0.00158099507935618 3.036901828033699e-05 1.195832418627049 False 0.0 0.0 9000000.0 9623754389156026.0 False
1.28786 0.868513 0.834486 0.0189654 171.306 -147.73 -86.7283 -6.80712e-11 18 3.7308318000000003 0.0015161331748244342 2.8754072113815326e-05 1.2097123729089214 False 0.0 0.0 9000000.0 9735456722075562.0 False
1.27148 0.861052 0.834486 0.0187241 178.826 -154.799 -89.5323 -9.53897e-11 18 3.7497971999999997 0.0014523766658454283 2.7194445928956383e-05 1.224059322644919 False 0.0 0.0 9000000.0 9850917315334382.0 False
1.25524 0.853672 0.834486 0.0184849 187.026 -162.489 -92.6062 -1.41477e-10 18 3.7685213 0.0013886984143727317 2.5669951319838505e-05 1.238887969659029 False 0.0 0.0 9000000.0 9970254485463228.0 False
1.23915 0.846374 0.834486 0.018248 195.32 -170.294 -95.6533 -1.75734e-10 18 3.7870062 0.001329729211788217 2.4264898656711383e-05 1.2542136501460648 False 0.0 0.0 9000000.0 1.0093591654247504e+16 False
1.22321 0.839155 0.834486 0.0180133 203.707 -178.213 -98.6736 -1.98286e-10 18 3.8052542 0.0012749817612869197 2.296662896058967e-05 1.2700524296166724 False 0.0 0.0 9000000.0 1.022105811282047e+16 False
1.20743 0.832015 0.834486 0.0177809 212.882 -186.854 -102.001 -2.93674e-10 18 3.823267499999999 0.0012200313302509114 2.169325508005843e-05 1.2864208232691112 False 0.0 0.0 9000000.0 1.0352786771286636e+16 False
1.1918 0.824951 0.834486 0.0175507 222.581 -195.99 -105.5 -4.25202e-10 18 3.841048399999999 0.0011668682845637074 2.0479355201892257e-05 1.3033363926223562 False 0.0 0.0 9000000.0 1.0488918960272838e+16 False
1.17632 0.817963 0.834486 0.0173227 232.381 -205.251 -108.964 -5.29044e-10 18 3.8585990999999997 0.0011176589723190559 1.936087107979131e-05 1.3208176503511102 False 0.0 0.0 9000000.0 1.0629603665064684e+16 False
1.161 0.81105 0.834486 0.0170971 242.281 -214.633 -112.394 -6.05508e-10 18 3.8759217999999995 0.0010719895891401906 1.8327913204488753e-05 1.3388836814472929 False 0.0 0.0 9000000.0 1.0774994476810806e+16 False
1.14583 0.80421 0.834486 0.0168737 253.483 -225.206 -116.344 -9.82994e-10 18 3.893018899999999 0.00102461589000633 1.7289061143199807e-05 1.3575548868747116 False 0.0 0.0 9000000.0 1.092525557726605e+16 False
1.13082 0.797442 0.834486 0.0166526 265.016 -236.111 -120.355 -1.30758e-09 18 3.909892599999999 0.0009800265253662969 1.6319989716314794e-05 1.376852234350924 False 0.0 0.0 9000000.0 1.108055570927492e+16 False
1.11596 0.790745 0.834486 0.0164339 276.662 -247.154 -124.325 -1.51397e-09 18 3.9265451999999996 0.0009387726165735611 1.5427695303508247e-05 1.3967982287601892 False 0.0 0.0 9000000.0 1.1241075986407592e+16 False
1.10126 0.784119 0.834486 0.0162174 288.621 -258.514 -128.345 -1.77763e-09 18 3.9429790999999996 0.0008998746094236891 1.4593626490867736e-05 1.4174159115492972 False 0.0 0.0 9000000.0 1.1407001840352674e+16 False
1.08671 0.777561 0.834486 0.0160032 302.087 -271.264 -132.939 -2.94925e-09 18 3.959196499999999 0.0008597612927616036 1.3758931920322493e-05 1.4387300104261123 False 0.0 0.0 9000000.0 1.157853227339793e+16 False
1.07233 0.771071 0.834486 0.0157913 315.675 -284.164 -137.481 -3.88181e-09 18 3.9751996999999997 0.0008227534953559025 1.2992347271213664e-05 1.4607654868053772 False 0.0 0.0 9000000.0 1.1755868168644498e+16 False
1.05809 0.764648 0.834486 0.0155817 329.381 -297.214 -141.973 -4.57811e-09 18 3.9909909999999993 0.0007885175819081082 1.228644440601757e-05 1.4835502187564165 False 0.0 0.0 9000000.0 1.1939233881685886e+16 False
1.04402 0.758291 0.834486 0.0153744 344.107 -311.223 -146.798 -6.49038e-09 18 4.0065726999999995 0.0007547731073371786 1.1604183661444718e-05 1.5071116271968634 False 0.0 0.0 9000000.0 1.2128850089075366e+16 False
1.0301 0.751999 0.834486 0.0151694 360.071 -326.399 -152.036 -9.37975e-09 18 4.021947099999998 0.0007213097129357114 1.094183555940698e-05 1.5314798926420614 False 0.0 0.0 9000000.0 1.2324959675904924e+16 False
1.01633 0.745771 0.834486 0.0149667 376.171 -341.745 -157.21 -1.12554e-08 18 4.037116499999999 0.0006904378850216379 1.0333576693753348e-05 1.556686600872604 False 0.0 0.0 9000000.0 1.252781683648297e+16 False
1.00272 0.739607 0.834486 0.0147663 392.405 -357.258 -162.322 -1.21295e-08 18 4.0520832 0.0006618741087561946 9.773431652126595e-06 1.5827643737359451 False 0.0 0.0 9000000.0 1.273768410311982e+16 False
1.0 0.738374 0.834485 0.00294364 395.699 -360.413 -163.338 -1.22615e-08 18 4.0668495 0.0006563643315916252 1.932100301046372e-06 1.588047810724456 False 0.0 0.0 9000000.0 1.2780203856821086e+16 False
1.0 2.40528 1.61988 0.0147262 397.401 361.768 -164.472 1.05417e-08 19 0.0 0.0006535532362688431 9.624355667942238e-06 1.5725262670100004 False 0.0 0.0 9000000.0 1.2655290430724168e+16 False
1.01339 2.3992 1.61988 0.0149234 381.265 346.352 -159.384 1.00009e-08 19 0.014726199999999998 0.0006812130923281039 1.0166015462049225e-05 1.5469790283263816 False 0.0 0.0 9000000.0 1.2449692767888962e+16 False
1.02693 2.39305 1.61988 0.0151229 365.261 331.099 -154.236 8.58951e-09 19 0.029649599999999995 0.0007110606104853092 1.0753298506308283e-05 1.5222756239038793 False 0.0 0.0 9000000.0 1.2250886068024524e+16 False
1.04063 2.38684 1.61988 0.0153245 349.391 316.014 -149.027 6.29715e-09 19 0.0447725 0.0007433583281952727 1.1391594700428456e-05 1.4983852155119644 False 0.0 0.0 9000000.0 1.2058622152914754e+16 False
1.05447 2.38057 1.61988 0.0155284 334.249 301.633 -144.014 4.03808e-09 19 0.06009699999999999 0.0007770336175918986 1.2066088827414038e-05 1.4752772065765107 False 0.0 0.0 9000000.0 1.1872654789132668e+16 False
1.06847 2.37424 1.61988 0.0157345 320.62 288.658 -139.549 3.49996e-09 19 0.07562539999999998 0.0008100639687058653 1.2745951515602435e-05 1.4529236841235413 False 0.0 0.0 9000000.0 1.1692759340181008e+16 False
1.08262 2.36784 1.61988 0.0159429 307.109 275.828 -135.035 2.76131e-09 19 0.09135989999999998 0.0008457020460047558 1.3482943149249221e-05 1.4312974674627943 False 0.0 0.0 9000000.0 1.151871706279514e+16 False
