corona_lab/tests/data/process_fieldlines_ex.ecsv
# %ECSV 1.0
# ---
# datatype:
# - {name: radius, unit: 6.957e+08 m, datatype: float64}
# - {name: theta, unit: rad, datatype: float64}
# - {name: phi, unit: rad, datatype: float64}
# - {name: ds, unit: 6.957e+08 m, datatype: float64}
# - {name: Bmag, unit: G, datatype: float64}
# - {name: Brad, unit: G, datatype: float64}
# - {name: Btheta, unit: G, datatype: float64}
# - {name: Bphi, unit: G, datatype: float64}
# - {name: line_num, datatype: int64}
# - {name: s_pos, unit: 6.957e+08 m, datatype: float64}
# - {name: dA_c, unit: 4.83998e+17 m2, datatype: float64}
# - {name: dV, unit: 3.36718e+26 m3, datatype: float64}
# - {name: pressure, unit: Pa, datatype: float64}
# - {name: proms, datatype: bool}
# - {name: Rhoprom, unit: kg / m3, datatype: float64}
# - {name: Mprom, unit: 3.36718e+26 kg, datatype: float64}
# - {name: temperature, unit: K, datatype: float64}
# - {name: ndens, unit: 1 / m3, datatype: float64}
# - {name: wind, datatype: bool}
# meta: !!omap
# - Radius: !astropy.units.Quantity
#     unit: &id001 !astropy.units.Unit {unit: m}
#     value: 695700000.0
# - Source Surface Radius: !astropy.units.Quantity
#     unit: *id001
#     value: 6031575196.790503
# - {nrad: 45}
# - Corona Temperature: !astropy.units.Quantity
#     unit: &id002 !astropy.units.Unit {unit: K}
#     value: 9000000.0
# - Prominence Temperature: !astropy.units.Quantity
#     unit: *id002
#     value: 8500.0
# - {Ratio Exponent: 5.0}
# - Total Prominence Mass: !astropy.units.Quantity
#     unit: &id004 !astropy.units.Unit {unit: 3.36718e+26 kg}
#     value: 2.124167972629168e-11
# - {UID: a74106a617e7d7e0eca21128928042a6}
# - Phase: !astropy.units.Quantity
#     unit: !astropy.units.Unit {unit: deg}
#     value: 0.0
# - Distance: !astropy.units.Quantity
#     unit: !astropy.units.Unit {unit: pc}
#     value: 14.0
# - __serialized_columns__:
#     Bmag:
#       __class__: astropy.units.quantity.Quantity
#       unit: &id003 !astropy.units.Unit {unit: G}
#       value: !astropy.table.SerializedColumn {name: Bmag}
#     Bphi:
#       __class__: astropy.units.quantity.Quantity
#       unit: *id003
#       value: !astropy.table.SerializedColumn {name: Bphi}
#     Brad:
#       __class__: astropy.units.quantity.Quantity
#       unit: *id003
#       value: !astropy.table.SerializedColumn {name: Brad}
#     Btheta:
#       __class__: astropy.units.quantity.Quantity
#       unit: *id003
#       value: !astropy.table.SerializedColumn {name: Btheta}
#     Mprom:
#       __class__: astropy.units.quantity.Quantity
#       unit: *id004
#       value: !astropy.table.SerializedColumn {name: Mprom}
#     Rhoprom:
#       __class__: astropy.units.quantity.Quantity
#       unit: !astropy.units.Unit {unit: kg / m3}
#       value: !astropy.table.SerializedColumn {name: Rhoprom}
#     dA_c:
#       __class__: astropy.units.quantity.Quantity
#       unit: !astropy.units.Unit {unit: 4.83998e+17 m2}
#       value: !astropy.table.SerializedColumn {name: dA_c}
#     dV:
#       __class__: astropy.units.quantity.Quantity
#       unit: !astropy.units.Unit {unit: 3.36718e+26 m3}
#       value: !astropy.table.SerializedColumn {name: dV}
#     ds:
#       __class__: astropy.units.quantity.Quantity
#       unit: !astropy.units.Unit {unit: 6.957e+08 m}
#       value: !astropy.table.SerializedColumn {name: ds}
#     ndens:
#       __class__: astropy.units.quantity.Quantity
#       unit: !astropy.units.Unit {unit: 1 / m3}
#       value: !astropy.table.SerializedColumn {name: ndens}
#     phi:
#       __class__: astropy.units.quantity.Quantity
#       unit: &id005 !astropy.units.Unit {unit: rad}
#       value: !astropy.table.SerializedColumn {name: phi}
#     pressure:
#       __class__: astropy.units.quantity.Quantity
#       unit: !astropy.units.Unit {unit: Pa}
#       value: !astropy.table.SerializedColumn {name: pressure}
#     radius:
#       __class__: astropy.units.quantity.Quantity
#       unit: !astropy.units.Unit {unit: 6.957e+08 m}
#       value: !astropy.table.SerializedColumn {name: radius}
#     s_pos:
#       __class__: astropy.units.quantity.Quantity
#       unit: !astropy.units.Unit {unit: 6.957e+08 m}
#       value: !astropy.table.SerializedColumn {name: s_pos}
#     temperature:
#       __class__: astropy.units.quantity.Quantity
#       unit: *id002
#       value: !astropy.table.SerializedColumn {name: temperature}
#     theta:
#       __class__: astropy.units.quantity.Quantity
#       unit: *id005
#       value: !astropy.table.SerializedColumn {name: theta}
# schema: astropy-2.0
radius theta phi ds Bmag Brad Btheta Bphi line_num s_pos dA_c dV pressure proms Rhoprom Mprom temperature ndens wind
[from data line 2370]
1.66593 2.09353 5.54687 0.0245328 69.8045 52.8996 -45.5444 5.17426e-14 24 0.7886988999999998 0.003720715851363086 9.127957783832032e-05 0.9914692776783783 False 0.0 0.0 9000000.0 7979091939759878.0 False
1.68443 2.08392 5.54687 0.0248053 67.0351 50.3219 -44.2877 3.65834e-14 24 0.8132316999999999 0.0038744286149565606 9.610636412258197e-05 0.9852964834745306 False 0.0 0.0 9000000.0 7929414865959821.0 False
1.70296 2.07418 5.54687 0.0250782 64.3221 47.8075 -43.0323 2.25507e-14 24 0.8380369999999999 0.004037845618325187 0.0001012618999854827 0.9793817852951641 False 0.0 0.0 9000000.0 7881814883154903.0 False
1.7215 2.06432 5.54687 0.0253512 61.7555 45.4222 -41.8398 1.24547e-14 24 0.8631152 0.004205661190444163 0.00010661855797118808 0.9737198790375036 False 0.0 0.0 9000000.0 7836249305278439.0 False
1.74005 2.05434 5.54687 0.0256243 59.4288 43.2317 -40.7776 8.64035e-15 24 0.8884664 0.004370317247638763 0.00011198632024866996 0.9683057291710259 False 0.0 0.0 9000000.0 7792677607664751.0 False
1.75858 2.04422 5.54687 0.0258973 57.1462 41.0912 -39.714 5.21694e-15 24 0.9140906999999999 0.004544881543243025 0.0001177001607898276 0.9631341606104165 False 0.0 0.0 9000000.0 7751058142546781.0 False
1.77709 2.03398 5.54687 0.0261698 54.9161 39.0072 -38.6552 2.55544e-15 24 0.9399879999999999 0.004729445638828586 0.00012376864647901633 0.9582002128959594 False 0.0 0.0 9000000.0 7711350989409564.0 False
1.79556 2.0236 5.54687 0.0264418 52.7392 36.9801 -37.6018 6.57031e-16 24 0.9661578 0.00492466153537548 0.0001302169153860914 0.9534989163638488 False 0.0 0.0 9000000.0 7673516153665966.0 False
1.81398 2.01308 5.54687 0.026713 50.7643 35.1123 -36.6625 -2.12658e-16 24 0.9925996 0.0051162472376547015 0.00013667031245947003 0.949025508201674 False 0.0 0.0 9000000.0 7637515305416140.0 False
1.83232 2.00243 5.54687 0.0269832 48.8985 33.3363 -35.7737 -8.61811e-16 24 1.0193126 0.005311465784154413 0.00014332034354699535 0.9447750840889265 False 0.0 0.0 9000000.0 7603308975939145.0 False
1.85058 1.99164 5.54687 0.027252 47.0805 31.6091 -34.8919 -1.25703e-15 24 1.0462958000000002 0.005516566511538206 0.0001503374705724392 0.9407429118961121 False 0.0 0.0 9000000.0 7570859082263422.0 False
1.86873 1.98071 5.54687 0.0275193 45.3122 29.932 -34.0186 -1.38667e-15 24 1.0735478 0.005731849472029047 0.00015773648517560895 0.9369240928000868 False 0.0 0.0 9000000.0 7540126199909420.0 False
1.88675 1.96964 5.54687 0.0277848 43.5939 28.3053 -33.1548 -1.25236e-15 24 1.1010671000000003 0.00595777642391423 0.00016553562638317208 0.9333136642289537 False 0.0 0.0 9000000.0 7511070391363881.0 False
1.90463 1.95842 5.54687 0.028048 42.0327 26.7961 -32.3839 -1.18162e-15 24 1.1288519000000004 0.006179063197141144 0.0001733103645534148 0.9299068827663194 False 0.0 0.0 9000000.0 7483653482821157.0 False
1.92234 1.94706 5.54687 0.0283088 40.5673 25.3621 -31.6618 -1.1907e-15 24 1.1568999000000004 0.006402267581191613 0.00018124051250243713 0.9266988175859102 False 0.0 0.0 9000000.0 7457835792248671.0 False
1.93986 1.93554 5.54687 0.0285668 39.1484 23.9712 -30.9512 -1.13613e-15 24 1.1852087000000002 0.006634312248941835 0.0001895210711530716 0.923684423697381 False 0.0 0.0 9000000.0 7433576718850506.0 False
1.95716 1.92387 5.54687 0.0288216 37.7765 22.6236 -30.2529 -1.01895e-15 24 1.2137755000000003 0.006875245447473285 0.00019815557418889604 0.9208584698834107 False 0.0 0.0 9000000.0 7410834163123531.0 False
1.97422 1.91206 5.54687 0.0290728 36.4481 21.3167 -29.5645 -8.36492e-16 24 1.2425971000000002 0.007125823009881847 0.00020716762720169294 0.9182156677973808 False 0.0 0.0 9000000.0 7389565565802594.0 False
1.99102 1.90009 5.54687 0.0293201 35.1736 20.0558 -28.8954 -6.27745e-16 24 1.2716699000000002 0.007384024087567794 0.0002165003246498965 0.9157506723571588 False 0.0 0.0 9000000.0 7369727911029593.0 False
2.00751 1.88796 5.54687 0.029563 34.0548 18.8957 -28.3316 -5.90749e-16 24 1.3009900000000003 0.007626610922585789 0.00022546549870440367 0.9134580148410671 False 0.0 0.0 9000000.0 7351277187926894.0 False
2.02368 1.87569 5.54687 0.0298012 32.9805 17.7717 -27.7827 -5.4414e-16 24 1.3305530000000003 0.007875038572686118 0.00023468559951233354 0.9113320176387874 False 0.0 0.0 9000000.0 7334167704534343.0 False
2.03949 1.86325 5.54687 0.030034 31.9481 16.6817 -27.247 -4.85411e-16 24 1.3603542000000004 0.008129519741282723 0.0002441619959096853 0.9093667666991229 False 0.0 0.0 9000000.0 7318351866075888.0 False
2.05492 1.85067 5.54687 0.0302611 30.9454 15.6189 -26.7146 -4.07234e-16 24 1.3903882000000003 0.008392934318072299 0.00025397942469261765 0.9075562793535865 False 0.0 0.0 9000000.0 7303781525561018.0 False
2.06992 1.83792 5.54687 0.030482 29.9897 14.5913 -26.2007 -3.27602e-16 24 1.4206493 0.008660397057872355 0.0002639862231180651 0.9058943370531044 False 0.0 0.0 9000000.0 7290406637692405.0 False
2.08446 1.82503 5.54687 0.0306962 29.0815 13.5983 -25.7064 -2.46826e-16 24 1.4511313000000001 0.008930856718067313 0.00027414336398913784 0.9043746127013444 False 0.0 0.0 9000000.0 7278176283612066.0 False
2.09851 1.81198 5.54687 0.0309032 28.2786 12.6645 -25.2842 -2.11146e-16 24 1.4818274999999999 0.009184426019904612 0.0002838281541783162 0.902990659801636 False 0.0 0.0 9000000.0 7267038583558536.0 False
2.11204 1.79878 5.54687 0.0311024 27.5307 11.7636 -24.891 -1.88755e-16 24 1.5127306999999999 0.009433930472035747 0.0002934178791134446 0.9017359620638318 False 0.0 0.0 9000000.0 7256941096090250.0 False
2.125 1.78544 5.54687 0.0312932 26.8278 10.8897 -24.5182 -1.67674e-16 24 1.5438331 0.009681103543580708 0.0003029527094099798 0.9006038524978316 False 0.0 0.0 9000000.0 7247830166970843.0 False
2.13736 1.77195 5.54687 0.0314752 26.1703 10.042 -24.167 -1.47927e-16 24 1.5751263 0.009924330620836388 0.0003123702911569495 0.8995875434662491 False 0.0 0.0 9000000.0 7239651171025358.0 False
2.14908 1.75832 5.54687 0.0316478 25.5479 9.21542 -23.8279 -1.2809e-16 24 1.6066014999999998 0.010166107963725964 0.00032173495161440653 0.8986802127726173 False 0.0 0.0 9000000.0 7232349204956166.0 False
2.16012 1.74456 5.54687 0.0318104 24.9665 8.41079 -23.5071 -1.09387e-16 24 1.6382492999999998 0.010402848202450264 0.0003309187624592239 0.897875158316815 False 0.0 0.0 9000000.0 7225870331970407.0 False
2.17045 1.73066 5.54687 0.0319625 24.4328 7.62917 -23.2112 -9.26964e-17 24 1.6700597 0.010630083725421341 0.0003397640510737796 0.8971657126899779 False 0.0 0.0 9000000.0 7220160894461613.0 False
2.18002 1.71664 5.54687 0.0321035 23.9459 6.86873 -22.9396 -7.80581e-17 24 1.7020221999999998 0.010846228775968934 0.0003482019055093187 0.8965453270203712 False 0.0 0.0 9000000.0 7215168188779907.0 False
2.18882 1.70251 5.54687 0.032233 23.4932 6.1243 -22.6809 -6.5958e-17 24 1.7341256999999999 0.011055229157648788 0.00035634320143849334 0.8960077899395748 False 0.0 0.0 9000000.0 7210842227416033.0 False
2.19679 1.68827 5.54687 0.0323504 23.1069 5.40233 -22.4665 -5.8727e-17 24 1.7663586999999998 0.011240049926492716 0.00036362011114201 0.8955471450528152 False 0.0 0.0 9000000.0 7207135074823628.0 False
2.20391 1.67393 5.54687 0.0324552 22.7878 4.69976 -22.2979 -5.61828e-17 24 1.7987090999999997 0.011397445547462876 0.0003699063747320171 0.8951578158899592 False 0.0 0.0 9000000.0 7204001852992962.0 False
2.21015 1.6595 5.54687 0.0325471 22.5045 4.00766 -22.1448 -5.52782e-17 24 1.8311643 0.011540923355172279 0.0003756235865331277 0.8948346370692964 False 0.0 0.0 9000000.0 7201400992249107.0 False
2.21548 1.64499 5.54687 0.0326256 22.2626 3.32538 -22.0129 -5.52599e-17 24 1.8637114 0.011666324222978204 0.00038062082756919766 0.8945730581955591 False 0.0 0.0 9000000.0 7199295872171220.0 False
2.21988 1.63042 5.54687 0.0326904 22.068 2.65229 -21.9081 -5.54727e-17 24 1.8963369999999997 0.0117692001833639 0.0003847398616742392 0.8943691573731722 False 0.0 0.0 9000000.0 7197654930343726.0 False
2.22332 1.61578 5.54687 0.0327411 21.9167 1.9862 -21.8266 -5.66238e-17 24 1.9290273999999996 0.011850447815888092 0.0003879966969847736 0.8942195725874136 False 0.0 0.0 9000000.0 7196451110129395.0 False
2.2258 1.60111 5.54687 0.0327777 21.8021 1.32465 -21.7618 -5.97287e-17 24 1.9617684999999996 0.011912738206249607 0.0003904721591029877 0.894121872212529 False 0.0 0.0 9000000.0 7195664842424178.0 False
2.2273 1.58641 5.54687 0.0327997 21.7357 0.666801 -21.7255 -6.31574e-17 24 1.9945461999999998 0.01194913021648599 0.0003919278863616755 0.8940743786028992 False 0.0 0.0 9000000.0 7195282625963901.0 False
2.22781 1.57168 5.54687 0.0328073 21.7177 0.0107596 -21.7177 -6.70254e-17 24 2.0273459 0.011959033859316343 0.00039234361153274905 0.8940761472595954 False 0.0 0.0 9000000.0 7195296859662016.0 False
2.22733 1.55696 5.54687 0.0328002 21.7334 -0.645296 -21.7239 -7.32912e-17 24 2.0601531999999994 0.011950394767798621 0.00039197533846274836 0.8941272052651861 False 0.0 0.0 9000000.0 7195707761472129.0 False
2.22587 1.54225 5.54687 0.0327786 21.7967 -1.3034 -21.7577 -8.03909e-17 24 2.0929534 0.011915689514764828 0.0003905796203286704 0.8942284314755398 False 0.0 0.0 9000000.0 7196522404202176.0 False
2.22342 1.52755 5.54687 0.0327425 21.9083 -1.96548 -21.8199 -8.83669e-17 24 2.1257319999999997 0.01185499147110796 0.0003881620582427524 0.8943814558408906 False 0.0 0.0 9000000.0 7197753905276033.0 False
2.21999 1.5129 5.54687 0.0326921 22.0586 -2.63239 -21.9009 -9.79079e-17 24 2.1584744999999996 0.011774215482690404 0.000384923829981663 0.8945888015580686 False 0.0 0.0 9000000.0 7199422570738420.0 False
2.21561 1.49829 5.54687 0.0326275 22.2505 -3.30633 -22.0035 -1.09021e-16 24 2.1911666 0.011672668463471586 0.00038084999029191916 0.8948537261307812 False 0.0 0.0 9000000.0 7201554616148566.0 False
2.21029 1.48375 5.54687 0.0325492 22.49 -3.98975 -22.1333 -1.2152e-16 24 2.223794099999999 0.011548364146130483 0.0003758900142652303 0.8951802447779331 False 0.0 0.0 9000000.0 7204182354964409.0 False
2.20405 1.46928 5.54687 0.0324574 22.7731 -4.68359 -22.2863 -1.35365e-16 24 2.2563432999999993 0.011404802580521517 0.00037017023927701906 0.8955729196879468 False 0.0 0.0 9000000.0 7207342502515095.0 False
2.19693 1.45489 5.54687 0.0323524 23.0906 -5.38772 -22.4532 -1.50191e-16 24 2.2888007 0.011247984445898961 0.0003638992919875016 0.89603689879566 False 0.0 0.0 9000000.0 7211076488067567.0 False
2.18894 1.44059 5.54687 0.0322348 23.475 -6.11151 -22.6655 -1.78984e-16 24 2.3211531 0.011063800197932887 0.0003566393866203271 0.8965778482968905 False 0.0 0.0 9000000.0 7215429911720988.0 False
2.18012 1.4264 5.54687 0.0321049 23.9271 -6.85834 -22.9231 -2.24483e-16 24 2.3533879 0.010854750874384048 0.00034849069134701237 0.8972017937478537 False 0.0 0.0 9000000.0 7220451265615370.0 False
2.1705 1.41232 5.54687 0.0319633 24.4156 -7.62192 -23.1955 -2.74298e-16 24 2.3854927999999997 0.010637572275367983 0.0003400119139092695 0.897915068635227 False 0.0 0.0 9000000.0 7226191520036566.0 False
2.16013 1.39836 5.54687 0.0318105 24.9497 -8.40662 -23.4908 -3.30014e-16 24 2.4174561000000003 0.010409853010115334 0.0003311426291782738 0.8987242709562352 False 0.0 0.0 9000000.0 7232703773983870.0 False
2.14902 1.38453 5.54687 0.031647 25.5322 -9.21483 -23.8114 -3.92522e-16 24 2.4492666000000005 0.010172359203142484 0.0003219246517018502 0.8996362169235622 False 0.0 0.0 9000000.0 7240042882598949.0 False
2.13723 1.37082 5.54687 0.0314733 26.1579 -10.0461 -24.1519 -4.59859e-16 24 2.4809136000000005 0.009929035191910456 0.00031249950330555537 0.9006576723987287 False 0.0 0.0 9000000.0 7248263295810148.0 False
2.12479 1.35726 5.54687 0.0312901 26.8177 -10.8982 -24.5035 -5.27098e-16 24 2.5123869000000005 0.009684749611132743 0.00030303678380730467 0.9017955686809184 False 0.0 0.0 9000000.0 7257420794945938.0 False
2.11173 1.34383 5.54687 0.0310979 27.5238 -11.7771 -24.8769 -5.99471e-16 24 2.543677 0.009436295484143705 0.0002934489733363525 0.9030568146600043 False 0.0 0.0 9000000.0 7267570980990375.0 False
2.0981 1.33056 5.54687 0.0308971 28.2754 -12.6836 -25.271 -6.76959e-16 24 2.5747749000000004 0.009185465445103324 0.0002838042444039019 0.9044482206287493 False 0.0 0.0 9000000.0 7278768661443110.0 False
2.08393 1.31743 5.54687 0.0306885 29.0872 -13.6257 -25.6984 -8.12776e-16 24 2.6056719999999998 0.008929106605189724 0.0002740208880533648 0.9059764611962824 False 0.0 0.0 9000000.0 7291067551856509.0 False
2.06926 1.30445 5.54687 0.0304724 30.0013 -14.626 -26.1946 -1.09593e-15 24 2.6363605 0.008657048516113453 0.00026380104520241557 0.9076480919880928 False 0.0 0.0 9000000.0 7304520410232939.0 False
2.05413 1.29162 5.54687 0.0302495 30.9637 -15.6616 -26.7108 -1.39002e-15 24 2.6668329 0.008387973971020084 0.000253732018636372 0.9094695374284895 False 0.0 0.0 9000000.0 7319178938701126.0 False
2.03856 1.27895 5.54687 0.0300202 31.9739 -16.7333 -27.2457 -1.69458e-15 24 2.6970823999999998 0.008122959965674333 0.0002438528827615366 0.9114471580072745 False 0.0 0.0 9000000.0 7335094324861186.0 False
2.02259 1.26643 5.54687 0.0297851 33.0155 -17.8332 -27.7849 -1.98478e-15 24 2.7271026000000003 0.007866690180263043 0.00023431015368815275 0.9135871086174197 False 0.0 0.0 9000000.0 7352316101722367.0 False
2.00626 1.25406 5.54687 0.0295446 34.0988 -18.9673 -28.3367 -2.26931e-15 24 2.7568877 0.0076167697879829955 0.00022503441667804243 0.9158953633096105 False 0.0 0.0 9000000.0 7370892346921310.0 False
1.9896 1.24185 5.54687 0.0292992 35.2274 -20.1383 -28.9036 -2.55308e-15 24 2.7864322999999995 0.007372747056168622 0.00021601559054809568 0.9183777614004157 False 0.0 0.0 9000000.0 7390870053788839.0 False
1.97263 1.2298 5.54687 0.0290494 36.5253 -21.4186 -29.5862 -3.6862e-15 24 2.8157314999999996 0.007110761845802075 0.0002065633651634428 0.9210398638416801 False 0.0 0.0 9000000.0 7412293975447457.0 False
1.95539 1.21789 5.54687 0.0287955 37.8672 -22.7396 -30.2793 -4.84713e-15 24 2.8447808999999995 0.0068587777719629275 0.0001975019353325585 0.9238871251684759 False 0.0 0.0 9000000.0 7435208008604616.0 False
1.9379 1.20614 5.54687 0.0285379 39.2529 -24.1019 -30.982 -5.96264e-15 24 2.8735763999999997 0.0066166502257533726 0.00018882530247752718 0.9269249993339125 False 0.0 0.0 9000000.0 7459656045284278.0 False
1.92019 1.19454 5.54687 0.0282771 40.6865 -25.5084 -31.6972 -7.04106e-15 24 2.9021142999999996 0.006383510738118898 0.00018050717149286187 0.930158798086649 False 0.0 0.0 9000000.0 7485680833085253.0 False
1.90229 1.18309 5.54687 0.0280135 42.1676 -26.959 -32.4241 -8.08044e-15 24 2.9303914 0.006159295517090717 0.0001725434249680208 0.9335936497375531 False 0.0 0.0 9000000.0 7513323643345774.0 False
1.88421 1.17179 5.54687 0.0277473 43.7707 -28.5021 -33.2191 -1.07562e-14 24 2.9584049 0.005933711584381208 0.00016464447544530067 0.9372345934694052 False 0.0 0.0 9000000.0 7542625030123958.0 False
1.86598 1.16063 5.54687 0.0274788 45.5085 -30.1493 -34.0888 -1.50522e-14 24 2.9861522000000003 0.005707125254545295 0.00015682495344459925 0.941086592219729 False 0.0 0.0 9000000.0 7573624933875533.0 False
1.84763 1.14962 5.54687 0.0272085 47.2975 -31.8479 -34.968 -1.90969e-14 24 3.0136309999999997 0.005491256612854264 0.00014940885555084525 0.9451545975080847 False 0.0 0.0 9000000.0 7606363203167372.0 False
1.82916 1.13875 5.54687 0.0269366 49.1369 -33.5976 -35.8558 -2.28852e-14 24 3.0408395 0.005285695875125914 0.00014237867550991672 0.9494436864255444 False 0.0 0.0 9000000.0 7640880697133855.0 False
1.81061 1.12802 5.54687 0.0266634 51.024 -35.3964 -36.7497 -2.63946e-14 24 3.0677760999999997 0.005090206758515101 0.00013572221888499155 0.9539587112726249 False 0.0 0.0 9000000.0 7677216465852290.0 False
1.79198 1.11743 5.54687 0.0263891 53.0679 -37.3207 -37.7276 -3.65661e-14 24 3.0944395 0.004894158420560725 0.000129152435976019 0.9587046081539644 False 0.0 0.0 9000000.0 7715410233834187.0 False
